0.05 0.625000
0.10 0.750000
0.15 0.625000
0.20 0.875000
0.25 0.875000
0.30 0.625000
0.35 0.625000
0.40 0.875000
0.45 0.750000
0.50 0.625000
0.55 0.875000
0.60 0.625000
0.65 0.500000
0.70 0.625000
0.75 0.500000
0.80 0.875000
0.85 0.375000
0.90 0.750000
0.95 0.750000
1.00 0.875000
0.05 0.625000
0.10 0.875000
0.15 0.625000
0.20 0.750000
0.25 0.750000
0.30 0.375000
0.35 1.000000
0.40 0.125000
0.45 0.125000
0.50 0.625000
0.55 0.750000
0.60 0.750000
0.65 0.500000
0.70 0.500000
0.75 0.750000
0.80 0.750000
0.85 0.750000
0.90 0.625000
0.95 0.500000
1.00 0.250000
0.05 0.625000
0.10 0.375000
0.15 0.500000
0.20 0.875000
0.25 0.875000
0.30 0.875000
0.35 0.875000
0.40 0.625000
0.45 1.000000
0.50 0.500000
0.55 0.625000
0.60 0.625000
0.65 0.875000
0.70 0.750000
0.75 0.750000
0.80 0.875000
0.85 0.625000
0.90 0.375000
0.95 0.500000
1.00 0.875000
0.05 0.500000
0.10 0.375000
0.15 0.500000
0.20 0.250000
0.25 0.625000
0.30 0.625000
0.35 0.750000
0.40 0.875000
0.45 0.625000
0.50 0.625000
0.55 0.875000
0.60 0.500000
0.65 0.375000
0.70 0.625000
0.75 0.750000
0.80 0.625000
0.85 0.750000
0.90 0.375000
0.95 0.500000
1.00 0.750000
0.05 0.625000
0.10 0.500000
0.15 0.625000
0.20 0.625000
0.25 0.750000
0.30 0.875000
0.35 0.750000
0.40 0.750000
0.45 0.750000
0.50 0.375000
0.55 0.250000
0.60 0.750000
0.65 0.750000
0.70 0.500000
0.75 0.500000
0.80 0.875000
0.85 0.875000
0.90 0.500000
0.95 0.625000
1.00 1.000000
0.05 0.500000
0.10 0.625000
0.15 0.750000
0.20 0.750000
0.25 0.875000
0.30 0.750000
0.35 0.875000
0.40 0.750000
0.45 0.500000
0.50 0.500000
0.55 0.500000
0.60 0.625000
0.65 0.625000
0.70 0.750000
0.75 0.750000
0.80 0.500000
0.85 0.875000
0.90 0.750000
0.95 0.750000
1.00 0.750000
0.05 0.750000
0.10 0.625000
0.15 0.875000
0.20 0.500000
0.25 0.875000
0.30 0.750000
0.35 0.875000
0.40 0.875000
0.45 0.750000
0.50 0.500000
0.55 0.875000
0.60 0.875000
0.65 0.750000
0.70 0.500000
0.75 0.750000
0.80 0.875000
0.85 0.750000
0.90 0.625000
0.95 0.875000
1.00 0.875000
0.05 0.500000
0.10 0.625000
0.15 0.750000
0.20 0.625000
0.25 0.750000
0.30 0.375000
0.35 0.750000
0.40 0.750000
0.45 0.375000
0.50 0.750000
0.55 0.625000
0.60 0.625000
0.65 0.750000
0.70 0.875000
0.75 0.750000
0.80 0.625000
0.85 0.875000
0.90 0.750000
0.95 0.625000
1.00 0.500000
0.05 0.500000
0.10 0.750000
0.15 0.500000
0.20 0.750000
0.25 0.625000
0.30 0.625000
0.35 0.875000
0.40 0.875000
0.45 0.875000
0.50 0.625000
0.55 0.625000
0.60 0.500000
0.65 0.625000
0.70 0.750000
0.75 0.500000
0.80 0.750000
0.85 0.750000
0.90 0.250000
0.95 0.750000
1.00 0.875000
0.05 0.625000
0.10 0.375000
0.15 0.625000
0.20 0.750000
0.25 0.750000
0.30 0.625000
0.35 0.750000
0.40 0.625000
0.45 0.875000
0.50 0.500000
0.55 0.875000
0.60 0.625000
0.65 0.875000
0.70 0.625000
0.75 0.375000
0.80 0.750000
0.85 0.375000
0.90 0.500000
0.95 0.750000
1.00 0.875000
0.05 0.750000
0.10 0.625000
0.15 0.500000
0.20 0.625000
0.25 0.625000
0.30 0.625000
0.35 0.500000
0.40 0.750000
0.45 0.750000
0.50 0.500000
0.55 0.625000
0.60 0.875000
0.65 0.750000
0.70 0.500000
0.75 0.750000
0.80 0.625000
0.85 0.375000
0.90 1.000000
0.95 0.500000
1.00 0.875000
0.05 0.750000
0.10 0.625000
0.15 0.500000
0.20 0.500000
0.25 0.750000
0.30 0.625000
0.35 0.500000
0.40 0.625000
0.45 0.625000
0.50 0.750000
0.55 0.875000
0.60 0.750000
0.65 0.750000
0.70 0.625000
0.75 0.625000
0.80 0.750000
0.85 0.500000
0.90 0.750000
0.95 0.250000
1.00 0.875000
0.05 0.500000
0.10 0.625000
0.15 0.500000
0.20 0.625000
0.25 0.750000
0.30 0.625000
0.35 0.750000
0.40 0.625000
0.45 0.875000
0.50 0.375000
0.55 0.750000
0.60 0.625000
0.65 0.750000
0.70 0.750000
0.75 0.750000
0.80 0.875000
0.85 0.625000
0.90 0.500000
0.95 0.625000
1.00 0.750000
0.05 0.750000
0.10 0.875000
0.15 0.250000
0.20 0.750000
0.25 0.375000
0.30 0.750000
0.35 0.625000
0.40 0.875000
0.45 0.750000
0.50 0.625000
0.55 0.625000
0.60 0.500000
0.65 0.625000
0.70 0.750000
0.75 0.500000
0.80 0.875000
0.85 0.625000
0.90 0.750000
0.95 0.500000
1.00 0.875000
0.05 0.625000
0.10 0.375000
0.15 0.875000
0.20 0.625000
0.25 0.875000
0.30 0.875000
0.35 0.500000
0.40 0.500000
0.45 0.625000
0.50 0.625000
0.55 0.625000
0.60 0.625000
0.65 0.875000
0.70 0.750000
0.75 1.000000
0.80 0.625000
0.85 0.625000
0.90 0.500000
0.95 1.000000
1.00 0.750000
0.05 1.000000
0.10 0.375000
0.15 0.625000
0.20 0.875000
0.25 0.625000
0.30 0.750000
0.35 0.625000
0.40 0.875000
0.45 0.500000
0.50 0.375000
0.55 0.500000
0.60 0.250000
0.65 0.500000
0.70 0.625000
0.75 0.750000
0.80 0.625000
0.85 0.875000
0.90 0.875000
0.95 0.750000
1.00 0.875000
0.05 0.750000
0.10 0.500000
0.15 0.625000
0.20 1.000000
0.25 0.750000
0.30 0.500000
0.35 0.500000
0.40 0.750000
0.45 0.750000
0.50 0.500000
0.55 0.500000
0.60 0.750000
0.65 0.500000
0.70 0.875000
0.75 0.875000
0.80 0.750000
0.85 1.000000
0.90 0.500000
0.95 0.500000
1.00 1.000000
0.05 0.500000
0.10 0.875000
0.15 0.750000
0.20 0.625000
0.25 0.625000
0.30 0.750000
0.35 0.625000
0.40 0.875000
0.45 0.875000
0.50 0.500000
0.55 0.875000
0.60 0.875000
0.65 0.625000
0.70 0.750000
0.75 0.750000
0.80 0.875000
0.85 0.625000
0.90 0.875000
0.95 0.625000
1.00 0.750000
0.05 0.500000
0.10 0.750000
0.15 0.875000
0.20 0.625000
0.25 0.750000
0.30 0.875000
0.35 0.625000
0.40 0.750000
0.45 0.750000
0.50 0.750000
0.55 0.500000
0.60 0.750000
0.65 0.625000
0.70 0.250000
0.75 0.750000
0.80 0.625000
0.85 0.625000
0.90 0.750000
0.95 0.500000
1.00 0.750000
0.05 0.750000
0.10 0.750000
0.15 0.875000
0.20 0.625000
0.25 0.625000
0.30 0.625000
0.35 0.750000
0.40 0.625000
0.45 0.750000
0.50 0.625000
0.55 0.500000
0.60 0.625000
0.65 0.875000
0.70 0.625000
0.75 0.750000
0.80 0.625000
0.85 0.625000
0.90 0.875000
0.95 0.750000
1.00 0.625000
0.05 0.750000
0.10 0.750000
0.15 0.625000
0.20 0.625000
0.25 0.625000
0.30 0.375000
0.35 0.875000
0.40 0.875000
0.45 0.750000
0.50 0.750000
0.55 0.500000
0.60 0.625000
0.65 0.625000
0.70 0.500000
0.75 0.500000
0.80 0.625000
0.85 0.750000
0.90 0.875000
0.95 0.750000
1.00 0.500000
0.05 0.875000
0.10 0.500000
0.15 0.750000
0.20 0.500000
0.25 0.500000
0.30 0.500000
0.35 0.750000
0.40 0.875000
0.45 0.750000
0.50 0.625000
0.55 0.625000
0.60 0.375000
0.65 0.750000
0.70 0.750000
0.75 0.875000
0.80 1.000000
0.85 1.000000
0.90 0.750000
0.95 0.750000
1.00 0.625000
0.05 0.875000
0.10 0.750000
0.15 0.500000
0.20 0.750000
0.25 0.625000
0.30 0.375000
0.35 0.625000
0.40 0.750000
0.45 0.750000
0.50 0.750000
0.55 0.750000
0.60 0.750000
0.65 1.000000
0.70 0.750000
0.75 0.625000
0.80 0.375000
0.85 0.500000
0.90 0.625000
0.95 0.750000
1.00 1.000000
0.05 0.625000
0.10 0.625000
0.15 0.750000
0.20 0.625000
0.25 0.875000
0.30 0.500000
0.35 1.000000
0.40 0.375000
0.45 0.500000
0.50 0.625000
0.55 0.875000
0.60 0.625000
0.65 0.750000
0.70 0.500000
0.75 1.000000
0.80 0.625000
0.85 0.500000
0.90 0.500000
0.95 0.750000
1.00 0.750000
0.05 1.000000
0.10 0.625000
0.15 0.625000
0.20 0.625000
0.25 0.625000
0.30 0.750000
0.35 0.625000
0.40 0.500000
0.45 0.625000
0.50 0.625000
0.55 0.750000
0.60 0.500000
0.65 0.750000
0.70 0.500000
0.75 0.750000
0.80 1.000000
0.85 0.750000
0.90 0.625000
0.95 0.750000
1.00 0.625000
0.05 0.750000
0.10 0.750000
0.15 0.625000
0.20 0.750000
0.25 0.625000
0.30 0.500000
0.35 0.625000
0.40 0.625000
0.45 0.750000
0.50 0.500000
0.55 0.750000
0.60 0.750000
0.65 0.875000
0.70 0.250000
0.75 0.625000
0.80 0.625000
0.85 0.500000
0.90 0.500000
0.95 0.750000
1.00 0.625000
0.05 0.750000
0.10 0.500000
0.15 0.625000
0.20 0.875000
0.25 0.375000
0.30 0.875000
0.35 0.750000
0.40 0.875000
0.45 0.625000
0.50 0.625000
0.55 0.500000
0.60 0.750000
0.65 0.750000
0.70 0.625000
0.75 0.625000
0.80 0.750000
0.85 0.375000
0.90 0.625000
0.95 0.625000
1.00 0.875000
0.05 0.750000
0.10 0.500000
0.15 0.500000
0.20 0.625000
0.25 0.750000
0.30 1.000000
0.35 0.750000
0.40 0.500000
0.45 0.750000
0.50 0.500000
0.55 0.750000
0.60 1.000000
0.65 0.875000
0.70 0.500000
0.75 0.750000
0.80 0.750000
0.85 0.750000
0.90 0.875000
0.95 0.750000
1.00 0.875000
0.05 0.625000
0.10 1.000000
0.15 0.750000
0.20 0.500000
0.25 0.625000
0.30 0.500000
0.35 1.000000
0.40 1.000000
0.45 0.750000
0.50 0.625000
0.55 0.750000
0.60 0.500000
0.65 0.500000
0.70 0.625000
0.75 0.875000
0.80 0.750000
0.85 0.875000
0.90 0.625000
0.95 0.625000
1.00 0.875000
0.05 0.625000
0.10 0.750000
0.15 0.750000
0.20 0.625000
0.25 0.500000
0.30 0.625000
0.35 0.625000
0.40 0.625000
0.45 0.750000
0.50 0.625000
0.55 0.625000
0.60 0.500000
0.65 1.000000
0.70 0.750000
0.75 0.750000
0.80 0.875000
0.85 0.375000
0.90 0.750000
0.95 1.000000
1.00 0.500000
0.05 0.625000
0.10 0.875000
0.15 0.625000
0.20 0.500000
0.25 0.500000
0.30 0.750000
0.35 0.500000
0.40 0.625000
0.45 0.250000
0.50 0.500000
0.55 1.000000
0.60 0.750000
0.65 0.875000
0.70 0.500000
0.75 0.875000
0.80 0.875000
0.85 0.625000
0.90 0.625000
0.95 0.625000
1.00 0.625000
0.05 0.750000
0.10 0.750000
0.15 0.750000
0.20 0.500000
0.25 0.750000
0.30 0.500000
0.35 0.625000
0.40 0.750000
0.45 0.500000
0.50 0.875000
0.55 0.625000
0.60 0.625000
0.65 0.375000
0.70 0.625000
0.75 0.750000
0.80 1.000000
0.85 0.500000
0.90 1.000000
0.95 0.625000
1.00 0.625000
0.05 0.625000
0.10 0.875000
0.15 0.875000
0.20 0.875000
0.25 0.750000
0.30 0.375000
0.35 0.750000
0.40 0.875000
0.45 0.625000
0.50 0.500000
0.55 0.625000
0.60 0.750000
0.65 0.750000
0.70 0.750000
0.75 0.375000
0.80 0.250000
0.85 0.625000
0.90 0.750000
0.95 0.625000
1.00 0.375000
0.05 0.750000
0.10 0.500000
0.15 0.750000
0.20 0.875000
0.25 0.750000
0.30 0.500000
0.35 0.375000
0.40 0.375000
0.45 0.625000
0.50 0.500000
0.55 0.875000
0.60 0.875000
0.65 0.500000
0.70 0.875000
0.75 0.625000
0.80 0.625000
0.85 0.625000
0.90 1.000000
0.95 1.000000
1.00 0.625000
0.05 0.625000
0.10 0.250000
0.15 0.625000
0.20 0.875000
0.25 0.875000
0.30 0.875000
0.35 0.750000
0.40 0.375000
0.45 0.625000
0.50 0.875000
0.55 0.750000
0.60 0.625000
0.65 0.875000
0.70 0.625000
0.75 0.625000
0.80 0.625000
0.85 0.625000
0.90 0.625000
0.95 0.625000
1.00 0.500000
0.05 0.875000
0.10 0.625000
0.15 0.625000
0.20 0.875000
0.25 0.250000
0.30 0.500000
0.35 0.750000
0.40 0.750000
0.45 0.750000
0.50 0.875000
0.55 0.625000
0.60 0.625000
0.65 0.750000
0.70 0.500000
0.75 0.500000
0.80 0.625000
0.85 1.000000
0.90 0.875000
0.95 0.625000
1.00 0.500000
0.05 0.750000
0.10 0.625000
0.15 0.625000
0.20 0.750000
0.25 0.750000
0.30 0.875000
0.35 0.625000
0.40 0.375000
0.45 0.500000
0.50 0.750000
0.55 0.875000
0.60 0.625000
0.65 0.375000
0.70 0.625000
0.75 0.625000
0.80 0.500000
0.85 0.750000
0.90 0.625000
0.95 0.625000
1.00 0.625000
0.05 0.500000
0.10 0.875000
0.15 0.875000
0.20 0.750000
0.25 0.500000
0.30 0.750000
0.35 0.750000
0.40 0.500000
0.45 0.250000
0.50 0.500000
0.55 0.750000
0.60 0.625000
0.65 0.750000
0.70 0.500000
0.75 0.750000
0.80 0.375000
0.85 0.750000
0.90 0.500000
0.95 0.625000
1.00 0.750000
0.05 0.625000
0.10 0.250000
0.15 0.750000
0.20 0.875000
0.25 0.625000
0.30 0.875000
0.35 0.625000
0.40 0.750000
0.45 0.750000
0.50 0.875000
0.55 0.750000
0.60 0.625000
0.65 0.750000
0.70 0.750000
0.75 0.375000
0.80 0.625000
0.85 1.000000
0.90 0.375000
0.95 0.625000
1.00 0.250000
0.05 0.625000
0.10 0.500000
0.15 1.000000
0.20 0.625000
0.25 0.500000
0.30 0.500000
0.35 0.375000
0.40 0.875000
0.45 0.750000
0.50 0.750000
0.55 0.750000
0.60 0.625000
0.65 0.375000
0.70 0.500000
0.75 0.625000
0.80 0.500000
0.85 0.750000
0.90 0.625000
0.95 0.750000
1.00 0.375000
0.05 1.000000
0.10 0.500000
0.15 0.750000
0.20 0.875000
0.25 0.875000
0.30 0.625000
0.35 0.500000
0.40 0.875000
0.45 0.625000
0.50 0.500000
0.55 0.625000
0.60 0.750000
0.65 0.500000
0.70 0.875000
0.75 0.750000
0.80 0.625000
0.85 0.875000
0.90 0.625000
0.95 0.625000
1.00 0.375000
0.05 0.375000
0.10 0.500000
0.15 0.500000
0.20 1.000000
0.25 0.750000
0.30 0.625000
0.35 0.500000
0.40 0.875000
0.45 0.875000
0.50 0.875000
0.55 0.375000
0.60 0.750000
0.65 0.750000
0.70 0.625000
0.75 0.625000
0.80 0.750000
0.85 0.750000
0.90 1.000000
0.95 0.500000
1.00 0.750000
0.05 0.625000
0.10 0.625000
0.15 0.375000
0.20 0.625000
0.25 0.875000
0.30 0.500000
0.35 0.375000
0.40 0.375000
0.45 0.875000
0.50 0.625000
0.55 0.375000
0.60 0.625000
0.65 0.625000
0.70 0.625000
0.75 0.625000
0.80 0.500000
0.85 0.250000
0.90 0.750000
0.95 1.000000
1.00 0.750000
0.05 0.625000
0.10 0.500000
0.15 0.750000
0.20 0.750000
0.25 0.875000
0.30 0.750000
0.35 0.500000
0.40 0.875000
0.45 0.750000
0.50 0.750000
0.55 0.750000
0.60 0.500000
0.65 1.000000
0.70 0.625000
0.75 0.875000
0.80 0.750000
0.85 0.750000
0.90 0.750000
0.95 0.750000
1.00 0.625000
0.05 0.750000
0.10 0.875000
0.15 0.750000
0.20 0.750000
0.25 0.875000
0.30 0.875000
0.35 0.500000
0.40 0.750000
0.45 0.750000
0.50 0.625000
0.55 0.500000
0.60 0.500000
0.65 0.750000
0.70 0.750000
0.75 0.750000
0.80 0.250000
0.85 0.750000
0.90 0.625000
0.95 0.875000
1.00 0.625000
0.05 0.875000
0.10 0.250000
0.15 0.750000
0.20 1.000000
0.25 1.000000
0.30 0.875000
0.35 0.875000
0.40 0.500000
0.45 0.625000
0.50 0.625000
0.55 0.625000
0.60 0.625000
0.65 0.750000
0.70 0.375000
0.75 0.750000
0.80 0.750000
0.85 0.375000
0.90 0.625000
0.95 1.000000
1.00 0.750000
0.05 0.500000
0.10 0.750000
0.15 0.750000
0.20 0.625000
0.25 0.625000
0.30 0.875000
0.35 0.750000
0.40 0.875000
0.45 0.750000
0.50 0.875000
0.55 0.750000
0.60 0.500000
0.65 0.375000
0.70 0.875000
0.75 0.750000
0.80 0.625000
0.85 0.750000
0.90 0.625000
0.95 0.750000
1.00 0.625000
0.05 0.500000
0.10 0.500000
0.15 0.500000
0.20 1.000000
0.25 0.875000
0.30 0.625000
0.35 0.500000
0.40 0.500000
0.45 0.625000
0.50 0.625000
0.55 0.875000
0.60 0.625000
0.65 0.500000
0.70 0.750000
0.75 0.875000
0.80 0.625000
0.85 0.250000
0.90 0.500000
0.95 0.875000
1.00 0.875000
0.05 1.000000
0.10 0.750000
0.15 0.625000
0.20 0.375000
0.25 0.625000
0.30 0.625000
0.35 0.875000
0.40 0.875000
0.45 0.875000
0.50 0.750000
0.55 0.875000
0.60 0.500000
0.65 0.625000
0.70 0.625000
0.75 0.625000
0.80 1.000000
0.85 0.750000
0.90 0.750000
0.95 0.625000
1.00 0.875000
0.05 0.625000
0.10 0.750000
0.15 0.875000
0.20 0.625000
0.25 0.375000
0.30 0.625000
0.35 0.750000
0.40 0.750000
0.45 0.625000
0.50 0.500000
0.55 0.750000
0.60 0.375000
0.65 0.625000
0.70 0.625000
0.75 0.625000
0.80 0.750000
0.85 0.875000
0.90 0.500000
0.95 1.000000
1.00 0.875000
0.05 0.500000
0.10 1.000000
0.15 0.875000
0.20 0.875000
0.25 0.625000
0.30 0.500000
0.35 0.750000
0.40 0.750000
0.45 0.625000
0.50 0.875000
0.55 0.875000
0.60 0.875000
0.65 0.750000
0.70 0.750000
0.75 0.625000
0.80 0.875000
0.85 0.750000
0.90 0.625000
0.95 0.500000
1.00 0.625000
