0.05 0.873000
0.10 0.864000
0.15 0.855000
0.20 0.873000
0.25 0.858000
0.30 0.858000
0.35 0.862000
0.40 0.857000
0.45 0.862000
0.50 0.873000
0.55 0.860000
0.60 0.856000
0.65 0.859000
0.70 0.862000
0.75 0.867000
0.80 0.851000
0.85 0.862000
0.90 0.861000
0.95 0.841000
1.00 0.865000
0.05 0.870000
0.10 0.862000
0.15 0.864000
0.20 0.868000
0.25 0.858000
0.30 0.871000
0.35 0.872000
0.40 0.857000
0.45 0.872000
0.50 0.866000
0.55 0.866000
0.60 0.869000
0.65 0.857000
0.70 0.863000
0.75 0.868000
0.80 0.846000
0.85 0.863000
0.90 0.860000
0.95 0.860000
1.00 0.854000
0.05 0.863000
0.10 0.861000
0.15 0.868000
0.20 0.865000
0.25 0.860000
0.30 0.874000
0.35 0.849000
0.40 0.869000
0.45 0.869000
0.50 0.853000
0.55 0.843000
0.60 0.860000
0.65 0.874000
0.70 0.865000
0.75 0.866000
0.80 0.853000
0.85 0.854000
0.90 0.854000
0.95 0.865000
1.00 0.863000
0.05 0.871000
0.10 0.867000
0.15 0.868000
0.20 0.866000
0.25 0.875000
0.30 0.863000
0.35 0.866000
0.40 0.860000
0.45 0.857000
0.50 0.862000
0.55 0.861000
0.60 0.864000
0.65 0.861000
0.70 0.858000
0.75 0.858000
0.80 0.856000
0.85 0.858000
0.90 0.869000
0.95 0.848000
1.00 0.856000
0.05 0.872000
0.10 0.873000
0.15 0.870000
0.20 0.870000
0.25 0.866000
0.30 0.872000
0.35 0.868000
0.40 0.862000
0.45 0.847000
0.50 0.857000
0.55 0.862000
0.60 0.865000
0.65 0.854000
0.70 0.866000
0.75 0.850000
0.80 0.870000
0.85 0.863000
0.90 0.854000
0.95 0.852000
1.00 0.862000
0.05 0.881000
0.10 0.868000
0.15 0.868000
0.20 0.866000
0.25 0.867000
0.30 0.865000
0.35 0.859000
0.40 0.872000
0.45 0.860000
0.50 0.866000
0.55 0.866000
0.60 0.865000
0.65 0.850000
0.70 0.848000
0.75 0.863000
0.80 0.851000
0.85 0.858000
0.90 0.854000
0.95 0.863000
1.00 0.866000
0.05 0.874000
0.10 0.871000
0.15 0.869000
0.20 0.862000
0.25 0.875000
0.30 0.859000
0.35 0.865000
0.40 0.868000
0.45 0.861000
0.50 0.861000
0.55 0.859000
0.60 0.870000
0.65 0.868000
0.70 0.867000
0.75 0.848000
0.80 0.865000
0.85 0.854000
0.90 0.859000
0.95 0.856000
1.00 0.861000
0.05 0.858000
0.10 0.872000
0.15 0.868000
0.20 0.869000
0.25 0.878000
0.30 0.866000
0.35 0.863000
0.40 0.873000
0.45 0.872000
0.50 0.863000
0.55 0.859000
0.60 0.852000
0.65 0.850000
0.70 0.851000
0.75 0.861000
0.80 0.856000
0.85 0.864000
0.90 0.864000
0.95 0.869000
1.00 0.857000
0.05 0.872000
0.10 0.874000
0.15 0.858000
0.20 0.865000
0.25 0.854000
0.30 0.872000
0.35 0.867000
0.40 0.868000
0.45 0.852000
0.50 0.874000
0.55 0.858000
0.60 0.856000
0.65 0.850000
0.70 0.867000
0.75 0.844000
0.80 0.863000
0.85 0.866000
0.90 0.861000
0.95 0.861000
1.00 0.866000
0.05 0.874000
0.10 0.869000
0.15 0.870000
0.20 0.859000
0.25 0.864000
0.30 0.874000
0.35 0.868000
0.40 0.865000
0.45 0.859000
0.50 0.875000
0.55 0.860000
0.60 0.861000
0.65 0.860000
0.70 0.860000
0.75 0.856000
0.80 0.861000
0.85 0.852000
0.90 0.855000
0.95 0.859000
1.00 0.856000
0.05 0.853000
0.10 0.869000
0.15 0.867000
0.20 0.862000
0.25 0.865000
0.30 0.869000
0.35 0.872000
0.40 0.865000
0.45 0.862000
0.50 0.857000
0.55 0.859000
0.60 0.848000
0.65 0.856000
0.70 0.860000
0.75 0.845000
0.80 0.857000
0.85 0.860000
0.90 0.862000
0.95 0.852000
1.00 0.863000
0.05 0.871000
0.10 0.862000
0.15 0.857000
0.20 0.870000
0.25 0.859000
0.30 0.866000
0.35 0.866000
0.40 0.864000
0.45 0.867000
0.50 0.862000
0.55 0.866000
0.60 0.861000
0.65 0.869000
0.70 0.857000
0.75 0.858000
0.80 0.858000
0.85 0.859000
0.90 0.867000
0.95 0.853000
1.00 0.830000
0.05 0.871000
0.10 0.874000
0.15 0.873000
0.20 0.869000
0.25 0.871000
0.30 0.865000
0.35 0.854000
0.40 0.869000
0.45 0.870000
0.50 0.848000
0.55 0.852000
0.60 0.868000
0.65 0.861000
0.70 0.864000
0.75 0.846000
0.80 0.849000
0.85 0.868000
0.90 0.853000
0.95 0.843000
1.00 0.864000
0.05 0.863000
0.10 0.872000
0.15 0.864000
0.20 0.856000
0.25 0.858000
0.30 0.865000
0.35 0.864000
0.40 0.851000
0.45 0.871000
0.50 0.859000
0.55 0.866000
0.60 0.859000
0.65 0.840000
0.70 0.866000
0.75 0.855000
0.80 0.854000
0.85 0.854000
0.90 0.862000
0.95 0.865000
1.00 0.870000
0.05 0.880000
0.10 0.863000
0.15 0.864000
0.20 0.857000
0.25 0.855000
0.30 0.853000
0.35 0.867000
0.40 0.855000
0.45 0.852000
0.50 0.863000
0.55 0.864000
0.60 0.854000
0.65 0.864000
0.70 0.856000
0.75 0.860000
0.80 0.860000
0.85 0.858000
0.90 0.850000
0.95 0.859000
1.00 0.847000
0.05 0.870000
0.10 0.875000
0.15 0.874000
0.20 0.873000
0.25 0.865000
0.30 0.868000
0.35 0.856000
0.40 0.863000
0.45 0.862000
0.50 0.875000
0.55 0.863000
0.60 0.847000
0.65 0.865000
0.70 0.870000
0.75 0.859000
0.80 0.854000
0.85 0.862000
0.90 0.866000
0.95 0.868000
1.00 0.854000
0.05 0.867000
0.10 0.867000
0.15 0.866000
0.20 0.846000
0.25 0.866000
0.30 0.868000
0.35 0.867000
0.40 0.873000
0.45 0.857000
0.50 0.870000
0.55 0.865000
0.60 0.869000
0.65 0.865000
0.70 0.863000
0.75 0.852000
0.80 0.835000
0.85 0.848000
0.90 0.845000
0.95 0.868000
1.00 0.866000
0.05 0.866000
0.10 0.871000
0.15 0.861000
0.20 0.874000
0.25 0.862000
0.30 0.870000
0.35 0.858000
0.40 0.875000
0.45 0.851000
0.50 0.868000
0.55 0.862000
0.60 0.847000
0.65 0.858000
0.70 0.861000
0.75 0.838000
0.80 0.862000
0.85 0.863000
0.90 0.856000
0.95 0.866000
1.00 0.862000
0.05 0.869000
0.10 0.869000
0.15 0.872000
0.20 0.872000
0.25 0.873000
0.30 0.865000
0.35 0.865000
0.40 0.855000
0.45 0.855000
0.50 0.866000
0.55 0.864000
0.60 0.866000
0.65 0.856000
0.70 0.851000
0.75 0.856000
0.80 0.861000
0.85 0.874000
0.90 0.855000
0.95 0.854000
1.00 0.865000
0.05 0.873000
0.10 0.876000
0.15 0.860000
0.20 0.871000
0.25 0.868000
0.30 0.868000
0.35 0.871000
0.40 0.859000
0.45 0.870000
0.50 0.865000
0.55 0.866000
0.60 0.871000
0.65 0.863000
0.70 0.858000
0.75 0.846000
0.80 0.866000
0.85 0.836000
0.90 0.859000
0.95 0.850000
1.00 0.855000
0.05 0.875000
0.10 0.865000
0.15 0.864000
0.20 0.868000
0.25 0.862000
0.30 0.863000
0.35 0.872000
0.40 0.861000
0.45 0.865000
0.50 0.863000
0.55 0.860000
0.60 0.854000
0.65 0.865000
0.70 0.864000
0.75 0.849000
0.80 0.862000
0.85 0.850000
0.90 0.853000
0.95 0.853000
1.00 0.853000
0.05 0.868000
0.10 0.858000
0.15 0.865000
0.20 0.864000
0.25 0.866000
0.30 0.870000
0.35 0.870000
0.40 0.870000
0.45 0.874000
0.50 0.867000
0.55 0.864000
0.60 0.860000
0.65 0.862000
0.70 0.869000
0.75 0.860000
0.80 0.858000
0.85 0.860000
0.90 0.850000
0.95 0.853000
1.00 0.863000
0.05 0.866000
0.10 0.867000
0.15 0.875000
0.20 0.864000
0.25 0.873000
0.30 0.866000
0.35 0.856000
0.40 0.861000
0.45 0.869000
0.50 0.863000
0.55 0.863000
0.60 0.856000
0.65 0.866000
0.70 0.864000
0.75 0.869000
0.80 0.863000
0.85 0.851000
0.90 0.864000
0.95 0.854000
1.00 0.870000
0.05 0.868000
0.10 0.870000
0.15 0.864000
0.20 0.863000
0.25 0.861000
0.30 0.856000
0.35 0.866000
0.40 0.863000
0.45 0.862000
0.50 0.862000
0.55 0.872000
0.60 0.866000
0.65 0.852000
0.70 0.868000
0.75 0.857000
0.80 0.856000
0.85 0.857000
0.90 0.854000
0.95 0.856000
1.00 0.851000
0.05 0.862000
0.10 0.864000
0.15 0.868000
0.20 0.866000
0.25 0.871000
0.30 0.871000
0.35 0.864000
0.40 0.863000
0.45 0.870000
0.50 0.867000
0.55 0.865000
0.60 0.858000
0.65 0.857000
0.70 0.856000
0.75 0.871000
0.80 0.848000
0.85 0.860000
0.90 0.850000
0.95 0.856000
1.00 0.847000
0.05 0.872000
0.10 0.865000
0.15 0.875000
0.20 0.872000
0.25 0.866000
0.30 0.867000
0.35 0.869000
0.40 0.866000
0.45 0.861000
0.50 0.860000
0.55 0.845000
0.60 0.870000
0.65 0.873000
0.70 0.848000
0.75 0.849000
0.80 0.858000
0.85 0.853000
0.90 0.864000
0.95 0.857000
1.00 0.852000
0.05 0.874000
0.10 0.873000
0.15 0.877000
0.20 0.856000
0.25 0.868000
0.30 0.856000
0.35 0.863000
0.40 0.861000
0.45 0.852000
0.50 0.867000
0.55 0.876000
0.60 0.871000
0.65 0.862000
0.70 0.853000
0.75 0.855000
0.80 0.862000
0.85 0.849000
0.90 0.867000
0.95 0.859000
1.00 0.855000
0.05 0.882000
0.10 0.875000
0.15 0.871000
0.20 0.870000
0.25 0.871000
0.30 0.866000
0.35 0.861000
0.40 0.867000
0.45 0.852000
0.50 0.868000
0.55 0.861000
0.60 0.855000
0.65 0.863000
0.70 0.844000
0.75 0.858000
0.80 0.870000
0.85 0.858000
0.90 0.860000
0.95 0.850000
1.00 0.852000
0.05 0.856000
0.10 0.860000
0.15 0.864000
0.20 0.871000
0.25 0.871000
0.30 0.875000
0.35 0.863000
0.40 0.869000
0.45 0.857000
0.50 0.856000
0.55 0.866000
0.60 0.842000
0.65 0.861000
0.70 0.870000
0.75 0.855000
0.80 0.861000
0.85 0.844000
0.90 0.827000
0.95 0.856000
1.00 0.863000
0.05 0.869000
0.10 0.871000
0.15 0.860000
0.20 0.861000
0.25 0.878000
0.30 0.875000
0.35 0.867000
0.40 0.871000
0.45 0.860000
0.50 0.860000
0.55 0.865000
0.60 0.862000
0.65 0.856000
0.70 0.859000
0.75 0.860000
0.80 0.868000
0.85 0.860000
0.90 0.850000
0.95 0.849000
1.00 0.852000
0.05 0.857000
0.10 0.869000
0.15 0.862000
0.20 0.871000
0.25 0.862000
0.30 0.871000
0.35 0.867000
0.40 0.856000
0.45 0.860000
0.50 0.872000
0.55 0.862000
0.60 0.863000
0.65 0.851000
0.70 0.859000
0.75 0.858000
0.80 0.858000
0.85 0.859000
0.90 0.864000
0.95 0.864000
1.00 0.871000
0.05 0.879000
0.10 0.874000
0.15 0.864000
0.20 0.858000
0.25 0.863000
0.30 0.843000
0.35 0.859000
0.40 0.863000
0.45 0.873000
0.50 0.883000
0.55 0.855000
0.60 0.864000
0.65 0.852000
0.70 0.848000
0.75 0.859000
0.80 0.864000
0.85 0.854000
0.90 0.869000
0.95 0.859000
1.00 0.861000
0.05 0.850000
0.10 0.867000
0.15 0.867000
0.20 0.855000
0.25 0.858000
0.30 0.865000
0.35 0.872000
0.40 0.857000
0.45 0.860000
0.50 0.859000
0.55 0.860000
0.60 0.857000
0.65 0.860000
0.70 0.848000
0.75 0.842000
0.80 0.858000
0.85 0.851000
0.90 0.865000
0.95 0.849000
1.00 0.866000
0.05 0.866000
0.10 0.859000
0.15 0.865000
0.20 0.864000
0.25 0.872000
0.30 0.870000
0.35 0.856000
0.40 0.865000
0.45 0.851000
0.50 0.857000
0.55 0.867000
0.60 0.847000
0.65 0.845000
0.70 0.864000
0.75 0.862000
0.80 0.862000
0.85 0.844000
0.90 0.857000
0.95 0.866000
1.00 0.858000
0.05 0.863000
0.10 0.869000
0.15 0.856000
0.20 0.857000
0.25 0.854000
0.30 0.869000
0.35 0.863000
0.40 0.856000
0.45 0.857000
0.50 0.858000
0.55 0.862000
0.60 0.858000
0.65 0.867000
0.70 0.861000
0.75 0.849000
0.80 0.856000
0.85 0.844000
0.90 0.860000
0.95 0.852000
1.00 0.854000
0.05 0.867000
0.10 0.875000
0.15 0.871000
0.20 0.872000
0.25 0.878000
0.30 0.867000
0.35 0.861000
0.40 0.857000
0.45 0.864000
0.50 0.865000
0.55 0.852000
0.60 0.863000
0.65 0.858000
0.70 0.855000
0.75 0.867000
0.80 0.856000
0.85 0.872000
0.90 0.856000
0.95 0.859000
1.00 0.858000
0.05 0.874000
0.10 0.853000
0.15 0.880000
0.20 0.855000
0.25 0.859000
0.30 0.870000
0.35 0.861000
0.40 0.858000
0.45 0.860000
0.50 0.854000
0.55 0.848000
0.60 0.857000
0.65 0.858000
0.70 0.860000
0.75 0.853000
0.80 0.855000
0.85 0.856000
0.90 0.856000
0.95 0.852000
1.00 0.865000
0.05 0.855000
0.10 0.862000
0.15 0.861000
0.20 0.875000
0.25 0.868000
0.30 0.862000
0.35 0.863000
0.40 0.858000
0.45 0.862000
0.50 0.866000
0.55 0.866000
0.60 0.866000
0.65 0.863000
0.70 0.862000
0.75 0.864000
0.80 0.862000
0.85 0.865000
0.90 0.856000
0.95 0.861000
1.00 0.848000
0.05 0.865000
0.10 0.870000
0.15 0.873000
0.20 0.862000
0.25 0.873000
0.30 0.873000
0.35 0.859000
0.40 0.871000
0.45 0.862000
0.50 0.868000
0.55 0.860000
0.60 0.855000
0.65 0.851000
0.70 0.861000
0.75 0.852000
0.80 0.856000
0.85 0.844000
0.90 0.856000
0.95 0.862000
1.00 0.859000
0.05 0.872000
0.10 0.876000
0.15 0.867000
0.20 0.869000
0.25 0.867000
0.30 0.872000
0.35 0.868000
0.40 0.861000
0.45 0.857000
0.50 0.842000
0.55 0.860000
0.60 0.861000
0.65 0.860000
0.70 0.867000
0.75 0.853000
0.80 0.846000
0.85 0.847000
0.90 0.856000
0.95 0.859000
1.00 0.845000
0.05 0.867000
0.10 0.870000
0.15 0.861000
0.20 0.858000
0.25 0.865000
0.30 0.872000
0.35 0.863000
0.40 0.869000
0.45 0.872000
0.50 0.866000
0.55 0.858000
0.60 0.874000
0.65 0.853000
0.70 0.842000
0.75 0.861000
0.80 0.858000
0.85 0.857000
0.90 0.854000
0.95 0.852000
1.00 0.854000
0.05 0.863000
0.10 0.875000
0.15 0.861000
0.20 0.864000
0.25 0.877000
0.30 0.863000
0.35 0.871000
0.40 0.857000
0.45 0.861000
0.50 0.867000
0.55 0.867000
0.60 0.862000
0.65 0.862000
0.70 0.852000
0.75 0.859000
0.80 0.863000
0.85 0.863000
0.90 0.862000
0.95 0.841000
1.00 0.863000
0.05 0.870000
0.10 0.867000
0.15 0.862000
0.20 0.869000
0.25 0.857000
0.30 0.869000
0.35 0.863000
0.40 0.865000
0.45 0.869000
0.50 0.843000
0.55 0.861000
0.60 0.863000
0.65 0.863000
0.70 0.856000
0.75 0.852000
0.80 0.855000
0.85 0.863000
0.90 0.862000
0.95 0.851000
1.00 0.843000
0.05 0.866000
0.10 0.868000
0.15 0.860000
0.20 0.872000
0.25 0.866000
0.30 0.866000
0.35 0.871000
0.40 0.861000
0.45 0.863000
0.50 0.862000
0.55 0.848000
0.60 0.864000
0.65 0.855000
0.70 0.871000
0.75 0.860000
0.80 0.832000
0.85 0.854000
0.90 0.859000
0.95 0.859000
1.00 0.869000
0.05 0.864000
0.10 0.873000
0.15 0.854000
0.20 0.865000
0.25 0.866000
0.30 0.862000
0.35 0.868000
0.40 0.863000
0.45 0.865000
0.50 0.868000
0.55 0.856000
0.60 0.859000
0.65 0.858000
0.70 0.859000
0.75 0.867000
0.80 0.861000
0.85 0.854000
0.90 0.857000
0.95 0.857000
1.00 0.855000
0.05 0.864000
0.10 0.872000
0.15 0.868000
0.20 0.861000
0.25 0.858000
0.30 0.864000
0.35 0.868000
0.40 0.866000
0.45 0.858000
0.50 0.868000
0.55 0.867000
0.60 0.854000
0.65 0.866000
0.70 0.861000
0.75 0.864000
0.80 0.840000
0.85 0.860000
0.90 0.859000
0.95 0.853000
1.00 0.858000
0.05 0.851000
0.10 0.859000
0.15 0.861000
0.20 0.863000
0.25 0.861000
0.30 0.871000
0.35 0.864000
0.40 0.853000
0.45 0.874000
0.50 0.871000
0.55 0.855000
0.60 0.871000
0.65 0.852000
0.70 0.874000
0.75 0.845000
0.80 0.860000
0.85 0.866000
0.90 0.854000
0.95 0.855000
1.00 0.830000
0.05 0.872000
0.10 0.874000
0.15 0.869000
0.20 0.865000
0.25 0.869000
0.30 0.864000
0.35 0.853000
0.40 0.863000
0.45 0.861000
0.50 0.859000
0.55 0.862000
0.60 0.870000
0.65 0.853000
0.70 0.867000
0.75 0.858000
0.80 0.857000
0.85 0.859000
0.90 0.854000
0.95 0.864000
1.00 0.869000
0.05 0.868000
0.10 0.870000
0.15 0.862000
0.20 0.866000
0.25 0.867000
0.30 0.858000
0.35 0.875000
0.40 0.865000
0.45 0.868000
0.50 0.871000
0.55 0.861000
0.60 0.856000
0.65 0.847000
0.70 0.867000
0.75 0.860000
0.80 0.859000
0.85 0.859000
0.90 0.855000
0.95 0.855000
1.00 0.862000
0.05 0.868000
0.10 0.863000
0.15 0.870000
0.20 0.872000
0.25 0.868000
0.30 0.865000
0.35 0.872000
0.40 0.868000
0.45 0.866000
0.50 0.861000
0.55 0.867000
0.60 0.854000
0.65 0.870000
0.70 0.855000
0.75 0.857000
0.80 0.855000
0.85 0.869000
0.90 0.847000
0.95 0.847000
1.00 0.861000
0.05 0.863000
0.10 0.865000
0.15 0.872000
0.20 0.859000
0.25 0.850000
0.30 0.861000
0.35 0.859000
0.40 0.867000
0.45 0.855000
0.50 0.863000
0.55 0.865000
0.60 0.863000
0.65 0.866000
0.70 0.849000
0.75 0.863000
0.80 0.865000
0.85 0.860000
0.90 0.860000
0.95 0.864000
1.00 0.860000
0.05 0.855000
0.10 0.868000
0.15 0.868000
0.20 0.869000
0.25 0.858000
0.30 0.875000
0.35 0.867000
0.40 0.873000
0.45 0.867000
0.50 0.865000
0.55 0.868000
0.60 0.862000
0.65 0.863000
0.70 0.852000
0.75 0.854000
0.80 0.851000
0.85 0.844000
0.90 0.857000
0.95 0.838000
1.00 0.869000
0.05 0.870000
0.10 0.866000
0.15 0.875000
0.20 0.872000
0.25 0.859000
0.30 0.863000
0.35 0.853000
0.40 0.866000
0.45 0.859000
0.50 0.852000
0.55 0.860000
0.60 0.853000
0.65 0.863000
0.70 0.861000
0.75 0.850000
0.80 0.854000
0.85 0.862000
0.90 0.846000
0.95 0.861000
1.00 0.832000
0.05 0.845000
0.10 0.875000
0.15 0.879000
0.20 0.874000
0.25 0.868000
0.30 0.871000
0.35 0.864000
0.40 0.856000
0.45 0.861000
0.50 0.858000
0.55 0.869000
0.60 0.859000
0.65 0.868000
0.70 0.847000
0.75 0.864000
0.80 0.854000
0.85 0.856000
0.90 0.854000
0.95 0.866000
1.00 0.861000
0.05 0.870000
0.10 0.858000
0.15 0.864000
0.20 0.867000
0.25 0.864000
0.30 0.864000
0.35 0.873000
0.40 0.864000
0.45 0.858000
0.50 0.853000
0.55 0.851000
0.60 0.862000
0.65 0.868000
0.70 0.856000
0.75 0.872000
0.80 0.860000
0.85 0.857000
0.90 0.860000
0.95 0.867000
1.00 0.857000
0.05 0.868000
0.10 0.854000
0.15 0.877000
0.20 0.874000
0.25 0.865000
0.30 0.869000
0.35 0.873000
0.40 0.851000
0.45 0.862000
0.50 0.854000
0.55 0.875000
0.60 0.865000
0.65 0.859000
0.70 0.853000
0.75 0.852000
0.80 0.858000
0.85 0.859000
0.90 0.852000
0.95 0.859000
1.00 0.868000
0.05 0.863000
0.10 0.867000
0.15 0.866000
0.20 0.859000
0.25 0.857000
0.30 0.857000
0.35 0.862000
0.40 0.872000
0.45 0.850000
0.50 0.862000
0.55 0.871000
0.60 0.856000
0.65 0.862000
0.70 0.859000
0.75 0.849000
0.80 0.863000
0.85 0.860000
0.90 0.865000
0.95 0.839000
1.00 0.857000
0.05 0.873000
0.10 0.858000
0.15 0.861000
0.20 0.875000
0.25 0.864000
0.30 0.862000
0.35 0.859000
0.40 0.851000
0.45 0.859000
0.50 0.861000
0.55 0.854000
0.60 0.864000
0.65 0.863000
0.70 0.850000
0.75 0.854000
0.80 0.856000
0.85 0.852000
0.90 0.863000
0.95 0.871000
1.00 0.865000
0.05 0.867000
0.10 0.866000
0.15 0.864000
0.20 0.868000
0.25 0.871000
0.30 0.865000
0.35 0.852000
0.40 0.858000
0.45 0.858000
0.50 0.863000
0.55 0.865000
0.60 0.854000
0.65 0.865000
0.70 0.868000
0.75 0.851000
0.80 0.870000
0.85 0.869000
0.90 0.859000
0.95 0.859000
1.00 0.858000
0.05 0.871000
0.10 0.863000
0.15 0.857000
0.20 0.856000
0.25 0.866000
0.30 0.853000
0.35 0.868000
0.40 0.857000
0.45 0.861000
0.50 0.869000
0.55 0.855000
0.60 0.857000
0.65 0.862000
0.70 0.860000
0.75 0.863000
0.80 0.863000
0.85 0.865000
0.90 0.864000
0.95 0.851000
1.00 0.849000
0.05 0.868000
0.10 0.870000
0.15 0.853000
0.20 0.858000
0.25 0.866000
0.30 0.861000
0.35 0.854000
0.40 0.871000
0.45 0.856000
0.50 0.864000
0.55 0.860000
0.60 0.868000
0.65 0.857000
0.70 0.863000
0.75 0.846000
0.80 0.850000
0.85 0.857000
0.90 0.856000
0.95 0.860000
1.00 0.837000
0.05 0.863000
0.10 0.872000
0.15 0.869000
0.20 0.867000
0.25 0.854000
0.30 0.864000
0.35 0.867000
0.40 0.863000
0.45 0.868000
0.50 0.853000
0.55 0.861000
0.60 0.860000
0.65 0.862000
0.70 0.841000
0.75 0.866000
0.80 0.845000
0.85 0.858000
0.90 0.855000
0.95 0.858000
1.00 0.872000
0.05 0.862000
0.10 0.868000
0.15 0.877000
0.20 0.860000
0.25 0.861000
0.30 0.883000
0.35 0.879000
0.40 0.867000
0.45 0.847000
0.50 0.865000
0.55 0.871000
0.60 0.849000
0.65 0.869000
0.70 0.866000
0.75 0.859000
0.80 0.859000
0.85 0.851000
0.90 0.863000
0.95 0.864000
1.00 0.862000
0.05 0.871000
0.10 0.861000
0.15 0.873000
0.20 0.868000
0.25 0.877000
0.30 0.868000
0.35 0.859000
0.40 0.860000
0.45 0.872000
0.50 0.867000
0.55 0.872000
0.60 0.871000
0.65 0.856000
0.70 0.830000
0.75 0.865000
0.80 0.859000
0.85 0.861000
0.90 0.845000
0.95 0.864000
1.00 0.865000
0.05 0.859000
0.10 0.867000
0.15 0.866000
0.20 0.873000
0.25 0.876000
0.30 0.857000
0.35 0.863000
0.40 0.838000
0.45 0.866000
0.50 0.866000
0.55 0.868000
0.60 0.860000
0.65 0.852000
0.70 0.854000
0.75 0.864000
0.80 0.856000
0.85 0.836000
0.90 0.848000
0.95 0.854000
1.00 0.854000
0.05 0.869000
0.10 0.865000
0.15 0.862000
0.20 0.863000
0.25 0.871000
0.30 0.845000
0.35 0.863000
0.40 0.858000
0.45 0.865000
0.50 0.869000
0.55 0.868000
0.60 0.855000
0.65 0.865000
0.70 0.852000
0.75 0.857000
0.80 0.861000
0.85 0.866000
0.90 0.867000
0.95 0.842000
1.00 0.859000
0.05 0.866000
0.10 0.861000
0.15 0.871000
0.20 0.866000
0.25 0.863000
0.30 0.859000
0.35 0.867000
0.40 0.870000
0.45 0.855000
0.50 0.861000
0.55 0.868000
0.60 0.861000
0.65 0.856000
0.70 0.873000
0.75 0.859000
0.80 0.865000
0.85 0.860000
0.90 0.859000
0.95 0.857000
1.00 0.863000
0.05 0.867000
0.10 0.870000
0.15 0.867000
0.20 0.875000
0.25 0.862000
0.30 0.871000
0.35 0.863000
0.40 0.866000
0.45 0.873000
0.50 0.868000
0.55 0.857000
0.60 0.855000
0.65 0.852000
0.70 0.844000
0.75 0.865000
0.80 0.852000
0.85 0.856000
0.90 0.856000
0.95 0.862000
1.00 0.872000
0.05 0.864000
0.10 0.867000
0.15 0.871000
0.20 0.866000
0.25 0.858000
0.30 0.875000
0.35 0.873000
0.40 0.863000
0.45 0.851000
0.50 0.857000
0.55 0.867000
0.60 0.860000
0.65 0.860000
0.70 0.861000
0.75 0.877000
0.80 0.856000
0.85 0.868000
0.90 0.853000
0.95 0.857000
1.00 0.865000
0.05 0.869000
0.10 0.874000
0.15 0.866000
0.20 0.874000
0.25 0.857000
0.30 0.869000
0.35 0.867000
0.40 0.869000
0.45 0.868000
0.50 0.857000
0.55 0.855000
0.60 0.858000
0.65 0.864000
0.70 0.865000
0.75 0.863000
0.80 0.860000
0.85 0.858000
0.90 0.857000
0.95 0.845000
1.00 0.859000
0.05 0.872000
0.10 0.868000
0.15 0.874000
0.20 0.861000
0.25 0.870000
0.30 0.868000
0.35 0.866000
0.40 0.865000
0.45 0.862000
0.50 0.862000
0.55 0.851000
0.60 0.872000
0.65 0.872000
0.70 0.856000
0.75 0.869000
0.80 0.861000
0.85 0.855000
0.90 0.856000
0.95 0.851000
1.00 0.857000
0.05 0.866000
0.10 0.862000
0.15 0.868000
0.20 0.872000
0.25 0.868000
0.30 0.859000
0.35 0.868000
0.40 0.868000
0.45 0.866000
0.50 0.850000
0.55 0.858000
0.60 0.864000
0.65 0.863000
0.70 0.855000
0.75 0.848000
0.80 0.865000
0.85 0.867000
0.90 0.857000
0.95 0.847000
1.00 0.852000
0.05 0.885000
0.10 0.856000
0.15 0.858000
0.20 0.865000
0.25 0.857000
0.30 0.856000
0.35 0.867000
0.40 0.866000
0.45 0.867000
0.50 0.865000
0.55 0.856000
0.60 0.863000
0.65 0.858000
0.70 0.868000
0.75 0.849000
0.80 0.846000
0.85 0.864000
0.90 0.852000
0.95 0.865000
1.00 0.862000
0.05 0.873000
0.10 0.864000
0.15 0.867000
0.20 0.870000
0.25 0.864000
0.30 0.882000
0.35 0.859000
0.40 0.858000
0.45 0.853000
0.50 0.871000
0.55 0.851000
0.60 0.873000
0.65 0.856000
0.70 0.854000
0.75 0.854000
0.80 0.852000
0.85 0.869000
0.90 0.855000
0.95 0.863000
1.00 0.865000
0.05 0.871000
0.10 0.865000
0.15 0.862000
0.20 0.868000
0.25 0.864000
0.30 0.866000
0.35 0.871000
0.40 0.860000
0.45 0.849000
0.50 0.868000
0.55 0.860000
0.60 0.870000
0.65 0.861000
0.70 0.859000
0.75 0.864000
0.80 0.851000
0.85 0.855000
0.90 0.855000
0.95 0.853000
1.00 0.853000
0.05 0.853000
0.10 0.877000
0.15 0.861000
0.20 0.876000
0.25 0.865000
0.30 0.859000
0.35 0.860000
0.40 0.855000
0.45 0.871000
0.50 0.867000
0.55 0.866000
0.60 0.856000
0.65 0.865000
0.70 0.867000
0.75 0.852000
0.80 0.845000
0.85 0.870000
0.90 0.872000
0.95 0.853000
1.00 0.859000
0.05 0.864000
0.10 0.862000
0.15 0.862000
0.20 0.874000
0.25 0.871000
0.30 0.857000
0.35 0.875000
0.40 0.869000
0.45 0.864000
0.50 0.864000
0.55 0.865000
0.60 0.857000
0.65 0.863000
0.70 0.866000
0.75 0.851000
0.80 0.855000
0.85 0.855000
0.90 0.857000
0.95 0.852000
1.00 0.853000
0.05 0.870000
0.10 0.869000
0.15 0.869000
0.20 0.873000
0.25 0.867000
0.30 0.873000
0.35 0.870000
0.40 0.854000
0.45 0.871000
0.50 0.860000
0.55 0.863000
0.60 0.856000
0.65 0.852000
0.70 0.862000
0.75 0.848000
0.80 0.844000
0.85 0.853000
0.90 0.857000
0.95 0.864000
1.00 0.855000
0.05 0.876000
0.10 0.866000
0.15 0.863000
0.20 0.862000
0.25 0.863000
0.30 0.864000
0.35 0.865000
0.40 0.862000
0.45 0.870000
0.50 0.851000
0.55 0.857000
0.60 0.858000
0.65 0.868000
0.70 0.855000
0.75 0.854000
0.80 0.855000
0.85 0.862000
0.90 0.850000
0.95 0.860000
1.00 0.858000
0.05 0.862000
0.10 0.878000
0.15 0.869000
0.20 0.874000
0.25 0.867000
0.30 0.861000
0.35 0.865000
0.40 0.870000
0.45 0.858000
0.50 0.858000
0.55 0.860000
0.60 0.860000
0.65 0.865000
0.70 0.848000
0.75 0.857000
0.80 0.838000
0.85 0.854000
0.90 0.857000
0.95 0.862000
1.00 0.857000
0.05 0.863000
0.10 0.858000
0.15 0.871000
0.20 0.870000
0.25 0.871000
0.30 0.863000
0.35 0.867000
0.40 0.854000
0.45 0.859000
0.50 0.865000
0.55 0.870000
0.60 0.864000
0.65 0.854000
0.70 0.860000
0.75 0.855000
0.80 0.860000
0.85 0.864000
0.90 0.855000
0.95 0.849000
1.00 0.856000
0.05 0.860000
0.10 0.866000
0.15 0.850000
0.20 0.863000
0.25 0.868000
0.30 0.847000
0.35 0.864000
0.40 0.860000
0.45 0.841000
0.50 0.854000
0.55 0.871000
0.60 0.863000
0.65 0.869000
0.70 0.864000
0.75 0.866000
0.80 0.853000
0.85 0.858000
0.90 0.855000
0.95 0.869000
1.00 0.860000
0.05 0.868000
0.10 0.874000
0.15 0.864000
0.20 0.867000
0.25 0.877000
0.30 0.859000
0.35 0.856000
0.40 0.865000
0.45 0.861000
0.50 0.859000
0.55 0.861000
0.60 0.854000
0.65 0.854000
0.70 0.861000
0.75 0.859000
0.80 0.865000
0.85 0.851000
0.90 0.866000
0.95 0.847000
1.00 0.851000
0.05 0.866000
0.10 0.864000
0.15 0.866000
0.20 0.866000
0.25 0.869000
0.30 0.872000
0.35 0.868000
0.40 0.871000
0.45 0.870000
0.50 0.861000
0.55 0.856000
0.60 0.849000
0.65 0.846000
0.70 0.851000
0.75 0.848000
0.80 0.863000
0.85 0.843000
0.90 0.859000
0.95 0.862000
1.00 0.858000
0.05 0.872000
0.10 0.864000
0.15 0.873000
0.20 0.866000
0.25 0.855000
0.30 0.868000
0.35 0.860000
0.40 0.860000
0.45 0.873000
0.50 0.868000
0.55 0.869000
0.60 0.866000
0.65 0.859000
0.70 0.860000
0.75 0.862000
0.80 0.855000
0.85 0.844000
0.90 0.867000
0.95 0.853000
1.00 0.867000
0.05 0.869000
0.10 0.869000
0.15 0.866000
0.20 0.871000
0.25 0.863000
0.30 0.867000
0.35 0.863000
0.40 0.860000
0.45 0.855000
0.50 0.867000
0.55 0.855000
0.60 0.857000
0.65 0.856000
0.70 0.859000
0.75 0.853000
0.80 0.855000
0.85 0.854000
0.90 0.855000
0.95 0.862000
1.00 0.859000
0.05 0.863000
0.10 0.878000
0.15 0.872000
0.20 0.862000
0.25 0.862000
0.30 0.859000
0.35 0.871000
0.40 0.862000
0.45 0.869000
0.50 0.849000
0.55 0.865000
0.60 0.857000
0.65 0.851000
0.70 0.860000
0.75 0.839000
0.80 0.864000
0.85 0.864000
0.90 0.854000
0.95 0.865000
1.00 0.841000
0.05 0.875000
0.10 0.865000
0.15 0.871000
0.20 0.855000
0.25 0.869000
0.30 0.857000
0.35 0.865000
0.40 0.863000
0.45 0.841000
0.50 0.864000
0.55 0.859000
0.60 0.869000
0.65 0.869000
0.70 0.851000
0.75 0.860000
0.80 0.855000
0.85 0.849000
0.90 0.860000
0.95 0.859000
1.00 0.853000
0.05 0.869000
0.10 0.875000
0.15 0.863000
0.20 0.863000
0.25 0.861000
0.30 0.856000
0.35 0.866000
0.40 0.867000
0.45 0.863000
0.50 0.857000
0.55 0.858000
0.60 0.862000
0.65 0.866000
0.70 0.862000
0.75 0.863000
0.80 0.852000
0.85 0.859000
0.90 0.851000
0.95 0.861000
1.00 0.860000
0.05 0.850000
0.10 0.842000
0.15 0.866000
0.20 0.870000
0.25 0.866000
0.30 0.868000
0.35 0.860000
0.40 0.857000
0.45 0.871000
0.50 0.848000
0.55 0.855000
0.60 0.869000
0.65 0.857000
0.70 0.855000
0.75 0.869000
0.80 0.854000
0.85 0.857000
0.90 0.855000
0.95 0.857000
1.00 0.858000
0.05 0.867000
0.10 0.862000
0.15 0.870000
0.20 0.874000
0.25 0.865000
0.30 0.862000
0.35 0.877000
0.40 0.845000
0.45 0.864000
0.50 0.853000
0.55 0.864000
0.60 0.853000
0.65 0.859000
0.70 0.858000
0.75 0.861000
0.80 0.854000
0.85 0.870000
0.90 0.865000
0.95 0.861000
1.00 0.870000
0.05 0.850000
0.10 0.862000
0.15 0.861000
0.20 0.864000
0.25 0.863000
0.30 0.873000
0.35 0.860000
0.40 0.864000
0.45 0.870000
0.50 0.864000
0.55 0.872000
0.60 0.854000
0.65 0.867000
0.70 0.866000
0.75 0.861000
0.80 0.863000
0.85 0.854000
0.90 0.859000
0.95 0.861000
1.00 0.865000
0.05 0.871000
0.10 0.862000
0.15 0.860000
0.20 0.867000
0.25 0.873000
0.30 0.865000
0.35 0.870000
0.40 0.861000
0.45 0.851000
0.50 0.857000
0.55 0.870000
0.60 0.868000
0.65 0.875000
0.70 0.862000
0.75 0.856000
0.80 0.844000
0.85 0.861000
0.90 0.856000
0.95 0.850000
1.00 0.846000
0.05 0.876000
0.10 0.876000
0.15 0.857000
0.20 0.855000
0.25 0.870000
0.30 0.860000
0.35 0.876000
0.40 0.864000
0.45 0.856000
0.50 0.860000
0.55 0.851000
0.60 0.860000
0.65 0.861000
0.70 0.866000
0.75 0.850000
0.80 0.855000
0.85 0.851000
0.90 0.841000
0.95 0.859000
1.00 0.828000
0.05 0.866000
0.10 0.860000
0.15 0.874000
0.20 0.853000
0.25 0.869000
0.30 0.868000
0.35 0.864000
0.40 0.852000
0.45 0.864000
0.50 0.877000
0.55 0.861000
0.60 0.859000
0.65 0.860000
0.70 0.854000
0.75 0.866000
0.80 0.857000
0.85 0.852000
0.90 0.856000
0.95 0.843000
1.00 0.854000
0.05 0.868000
0.10 0.870000
0.15 0.872000
0.20 0.863000
0.25 0.850000
0.30 0.853000
0.35 0.861000
0.40 0.859000
0.45 0.870000
0.50 0.876000
0.55 0.854000
0.60 0.867000
0.65 0.857000
0.70 0.841000
0.75 0.852000
0.80 0.853000
0.85 0.856000
0.90 0.856000
0.95 0.848000
1.00 0.855000
0.05 0.881000
0.10 0.875000
0.15 0.874000
0.20 0.875000
0.25 0.872000
0.30 0.870000
0.35 0.861000
0.40 0.877000
0.45 0.860000
0.50 0.853000
0.55 0.866000
0.60 0.846000
0.65 0.856000
0.70 0.860000
0.75 0.859000
0.80 0.858000
0.85 0.865000
0.90 0.854000
0.95 0.851000
1.00 0.854000
0.05 0.863000
0.10 0.860000
0.15 0.865000
0.20 0.861000
0.25 0.868000
0.30 0.861000
0.35 0.882000
0.40 0.868000
0.45 0.868000
0.50 0.856000
0.55 0.866000
0.60 0.869000
0.65 0.862000
0.70 0.856000
0.75 0.851000
0.80 0.841000
0.85 0.870000
0.90 0.846000
0.95 0.849000
1.00 0.859000
0.05 0.870000
0.10 0.874000
0.15 0.864000
0.20 0.878000
0.25 0.866000
0.30 0.849000
0.35 0.866000
0.40 0.860000
0.45 0.858000
0.50 0.861000
0.55 0.851000
0.60 0.859000
0.65 0.867000
0.70 0.852000
0.75 0.863000
0.80 0.866000
0.85 0.861000
0.90 0.857000
0.95 0.861000
1.00 0.863000
0.05 0.862000
0.10 0.868000
0.15 0.855000
0.20 0.862000
0.25 0.862000
0.30 0.872000
0.35 0.857000
0.40 0.863000
0.45 0.866000
0.50 0.861000
0.55 0.865000
0.60 0.865000
0.65 0.867000
0.70 0.864000
0.75 0.871000
0.80 0.857000
0.85 0.862000
0.90 0.857000
0.95 0.858000
1.00 0.856000
0.05 0.862000
0.10 0.876000
0.15 0.868000
0.20 0.859000
0.25 0.863000
0.30 0.863000
0.35 0.870000
0.40 0.856000
0.45 0.867000
0.50 0.864000
0.55 0.856000
0.60 0.872000
0.65 0.863000
0.70 0.853000
0.75 0.856000
0.80 0.863000
0.85 0.863000
0.90 0.839000
0.95 0.846000
1.00 0.863000
