drop most negative edges
0.05 0.860000
0.10 0.855000
0.15 0.851000
0.20 0.862000
0.25 0.867000
0.30 0.867000
0.35 0.860000
0.40 0.859000
0.45 0.867000
0.50 0.857000
0.55 0.857000
0.60 0.857000
0.65 0.857000
0.70 0.857000
0.75 0.857000
0.80 0.857000
0.85 0.857000
0.90 0.857000
0.95 0.857000

benchmark
0.05 0.865000
0.10 0.860000
0.15 0.873000
0.20 0.872000
0.25 0.859000
0.30 0.863000
0.35 0.866000
0.40 0.852000
0.45 0.859000
0.50 0.863000
0.55 0.848000
0.60 0.854000
0.65 0.856000
0.70 0.870000
0.75 0.844000
0.80 0.870000
0.85 0.861000
0.90 0.867000
0.95 0.852000

random+random positive
0.05 0.865000
0.10 0.860000
0.15 0.873000
0.20 0.872000
0.25 0.859000
0.30 0.863000
0.35 0.866000
0.40 0.852000
0.45 0.859000
0.50 0.863000
0.55 0.848000
0.60 0.854000
0.65 0.856000
0.70 0.862000
0.75 0.862000
0.80 0.871000
0.85 0.846000
0.90 0.868000
0.95 0.867000


citeseer
benchmark
0.05 0.787000
0.10 0.802000
0.15 0.793000
0.20 0.791000
0.25 0.794000
0.30 0.795000
0.35 0.795000
0.40 0.791000
0.45 0.792000
0.50 0.792000
0.55 0.791000
0.60 0.795000
0.65 0.793000
0.70 0.791000
0.75 0.792000
0.80 0.786000
0.85 0.785000
0.90 0.784000
0.95 0.792000

random + random positive
0.05 0.787000
0.10 0.802000
0.15 0.793000
0.20 0.791000
0.25 0.794000
0.30 0.795000
0.35 0.795000
0.40 0.791000
0.45 0.792000
0.50 0.792000
0.55 0.793000
0.60 0.793000
0.65 0.793000
0.70 0.791000
0.75 0.791000
0.80 0.795000
0.85 0.793000
0.90 0.789000
0.95 0.791000

pubmed
0.05 0.865000
0.10 0.860000
0.15 0.873000
0.20 0.872000
0.25 0.859000
0.30 0.863000
0.35 0.866000
0.40 0.852000
0.45 0.859000
0.50 0.863000
0.55 0.848000
0.60 0.854000
0.65 0.856000
0.70 0.870000
0.75 0.844000
0.80 0.870000
0.85 0.861000
0.90 0.867000
0.95 0.852000
0.95 0.860000
0.95 0.860000
0.95 0.860000
