0.05 0.625000 0.625000 0.625000 0.500000 0.625000 0.500000 0.750000 0.500000 0.500000 0.625000 0.750000 0.750000 0.500000 0.750000 0.625000 1.000000 0.750000 0.500000 0.500000 0.750000 0.750000 0.875000 0.875000 0.625000 1.000000 0.750000 0.750000 0.750000 0.625000 0.625000 0.625000 0.750000 0.625000 0.750000 0.625000 0.875000 0.750000 0.500000 0.625000 0.625000 1.000000 0.375000 0.625000 0.625000 0.750000 0.875000 0.500000 0.500000 1.000000 0.625000 0.500000
0.10 0.750000 0.875000 0.375000 0.375000 0.500000 0.625000 0.625000 0.625000 0.750000 0.375000 0.625000 0.625000 0.625000 0.875000 0.375000 0.375000 0.500000 0.875000 0.750000 0.750000 0.750000 0.500000 0.750000 0.625000 0.625000 0.750000 0.500000 0.500000 1.000000 0.750000 0.875000 0.750000 0.875000 0.500000 0.250000 0.625000 0.625000 0.875000 0.250000 0.500000 0.500000 0.500000 0.625000 0.500000 0.875000 0.250000 0.750000 0.500000 0.750000 0.750000 1.000000
0.15 0.625000 0.625000 0.500000 0.500000 0.625000 0.750000 0.875000 0.750000 0.500000 0.625000 0.500000 0.500000 0.500000 0.250000 0.875000 0.625000 0.625000 0.750000 0.875000 0.875000 0.625000 0.750000 0.500000 0.750000 0.625000 0.625000 0.625000 0.500000 0.750000 0.750000 0.625000 0.750000 0.875000 0.750000 0.625000 0.625000 0.625000 0.875000 0.750000 1.000000 0.750000 0.500000 0.375000 0.750000 0.750000 0.750000 0.750000 0.500000 0.625000 0.875000 0.875000
0.20 0.875000 0.750000 0.875000 0.250000 0.625000 0.750000 0.500000 0.625000 0.750000 0.750000 0.625000 0.500000 0.625000 0.750000 0.625000 0.875000 1.000000 0.625000 0.625000 0.625000 0.625000 0.500000 0.750000 0.625000 0.625000 0.750000 0.875000 0.625000 0.500000 0.625000 0.500000 0.500000 0.875000 0.875000 0.875000 0.875000 0.750000 0.750000 0.875000 0.625000 0.875000 1.000000 0.625000 0.750000 0.750000 1.000000 0.625000 1.000000 0.375000 0.625000 0.875000
0.25 0.875000 0.750000 0.875000 0.625000 0.750000 0.875000 0.875000 0.750000 0.625000 0.750000 0.625000 0.750000 0.750000 0.375000 0.875000 0.625000 0.750000 0.625000 0.750000 0.625000 0.625000 0.500000 0.625000 0.875000 0.625000 0.625000 0.375000 0.750000 0.625000 0.500000 0.500000 0.750000 0.750000 0.750000 0.875000 0.250000 0.750000 0.500000 0.625000 0.500000 0.875000 0.750000 0.875000 0.875000 0.875000 1.000000 0.625000 0.875000 0.625000 0.375000 0.625000
0.30 0.625000 0.375000 0.875000 0.625000 0.875000 0.750000 0.750000 0.375000 0.625000 0.625000 0.625000 0.625000 0.625000 0.750000 0.875000 0.750000 0.500000 0.750000 0.875000 0.625000 0.375000 0.500000 0.375000 0.500000 0.750000 0.500000 0.875000 1.000000 0.500000 0.625000 0.750000 0.500000 0.375000 0.500000 0.875000 0.500000 0.875000 0.750000 0.875000 0.500000 0.625000 0.625000 0.500000 0.750000 0.875000 0.875000 0.875000 0.625000 0.625000 0.625000 0.500000
0.35 0.625000 1.000000 0.875000 0.750000 0.750000 0.875000 0.875000 0.750000 0.875000 0.750000 0.500000 0.500000 0.750000 0.625000 0.500000 0.625000 0.500000 0.625000 0.625000 0.750000 0.875000 0.750000 0.625000 1.000000 0.625000 0.625000 0.750000 0.750000 1.000000 0.625000 0.500000 0.625000 0.750000 0.375000 0.750000 0.750000 0.625000 0.750000 0.625000 0.375000 0.500000 0.500000 0.375000 0.500000 0.500000 0.875000 0.750000 0.500000 0.875000 0.750000 0.750000
0.40 0.875000 0.125000 0.625000 0.875000 0.750000 0.750000 0.875000 0.750000 0.875000 0.625000 0.750000 0.625000 0.625000 0.875000 0.500000 0.875000 0.750000 0.875000 0.750000 0.625000 0.875000 0.875000 0.750000 0.375000 0.500000 0.625000 0.875000 0.500000 1.000000 0.625000 0.625000 0.750000 0.875000 0.375000 0.375000 0.750000 0.375000 0.500000 0.750000 0.875000 0.875000 0.875000 0.375000 0.875000 0.750000 0.500000 0.875000 0.500000 0.875000 0.750000 0.750000
0.45 0.750000 0.125000 1.000000 0.625000 0.750000 0.500000 0.750000 0.375000 0.875000 0.875000 0.750000 0.625000 0.875000 0.750000 0.625000 0.500000 0.750000 0.875000 0.750000 0.750000 0.750000 0.750000 0.750000 0.500000 0.625000 0.750000 0.625000 0.750000 0.750000 0.750000 0.250000 0.500000 0.625000 0.625000 0.625000 0.750000 0.500000 0.250000 0.750000 0.750000 0.625000 0.875000 0.875000 0.750000 0.750000 0.625000 0.750000 0.625000 0.875000 0.625000 0.625000
0.50 0.625000 0.625000 0.500000 0.625000 0.375000 0.500000 0.500000 0.750000 0.625000 0.500000 0.500000 0.750000 0.375000 0.625000 0.625000 0.375000 0.500000 0.500000 0.750000 0.625000 0.750000 0.625000 0.750000 0.625000 0.625000 0.500000 0.625000 0.500000 0.625000 0.625000 0.500000 0.875000 0.500000 0.500000 0.875000 0.875000 0.750000 0.500000 0.875000 0.750000 0.500000 0.875000 0.625000 0.750000 0.625000 0.625000 0.875000 0.625000 0.750000 0.500000 0.875000
0.55 0.875000 0.750000 0.625000 0.875000 0.250000 0.500000 0.875000 0.625000 0.625000 0.875000 0.625000 0.875000 0.750000 0.625000 0.625000 0.500000 0.500000 0.875000 0.500000 0.500000 0.500000 0.625000 0.750000 0.875000 0.750000 0.750000 0.500000 0.750000 0.750000 0.625000 1.000000 0.625000 0.625000 0.875000 0.750000 0.625000 0.875000 0.750000 0.750000 0.750000 0.625000 0.375000 0.375000 0.750000 0.500000 0.625000 0.750000 0.875000 0.875000 0.750000 0.875000
0.60 0.625000 0.750000 0.625000 0.500000 0.750000 0.625000 0.875000 0.625000 0.500000 0.625000 0.875000 0.750000 0.625000 0.500000 0.625000 0.250000 0.750000 0.875000 0.750000 0.625000 0.625000 0.375000 0.750000 0.625000 0.500000 0.750000 0.750000 1.000000 0.500000 0.500000 0.750000 0.625000 0.750000 0.875000 0.625000 0.625000 0.625000 0.625000 0.625000 0.625000 0.750000 0.750000 0.625000 0.500000 0.500000 0.625000 0.500000 0.625000 0.500000 0.375000 0.875000
0.65 0.500000 0.500000 0.875000 0.375000 0.750000 0.625000 0.750000 0.750000 0.625000 0.875000 0.750000 0.750000 0.750000 0.625000 0.875000 0.500000 0.500000 0.625000 0.625000 0.875000 0.625000 0.750000 1.000000 0.750000 0.750000 0.875000 0.750000 0.875000 0.500000 1.000000 0.875000 0.375000 0.750000 0.500000 0.875000 0.750000 0.375000 0.750000 0.750000 0.375000 0.500000 0.750000 0.625000 1.000000 0.750000 0.750000 0.375000 0.500000 0.625000 0.625000 0.750000
0.70 0.625000 0.500000 0.750000 0.625000 0.500000 0.750000 0.500000 0.875000 0.750000 0.625000 0.500000 0.625000 0.750000 0.750000 0.750000 0.625000 0.875000 0.750000 0.250000 0.625000 0.500000 0.750000 0.750000 0.500000 0.500000 0.250000 0.625000 0.500000 0.625000 0.750000 0.500000 0.625000 0.750000 0.875000 0.625000 0.500000 0.625000 0.500000 0.750000 0.500000 0.875000 0.625000 0.625000 0.625000 0.750000 0.375000 0.875000 0.750000 0.625000 0.625000 0.750000
0.75 0.500000 0.750000 0.750000 0.750000 0.500000 0.750000 0.750000 0.750000 0.500000 0.375000 0.750000 0.625000 0.750000 0.500000 1.000000 0.750000 0.875000 0.750000 0.750000 0.750000 0.500000 0.875000 0.625000 1.000000 0.750000 0.625000 0.625000 0.750000 0.875000 0.750000 0.875000 0.750000 0.375000 0.625000 0.625000 0.500000 0.625000 0.750000 0.375000 0.625000 0.750000 0.625000 0.625000 0.875000 0.750000 0.750000 0.750000 0.875000 0.625000 0.625000 0.625000
0.80 0.875000 0.750000 0.875000 0.625000 0.875000 0.500000 0.875000 0.625000 0.750000 0.750000 0.625000 0.750000 0.875000 0.875000 0.625000 0.625000 0.750000 0.875000 0.625000 0.625000 0.625000 1.000000 0.375000 0.625000 1.000000 0.625000 0.750000 0.750000 0.750000 0.875000 0.875000 1.000000 0.250000 0.625000 0.625000 0.625000 0.500000 0.375000 0.625000 0.500000 0.625000 0.750000 0.500000 0.750000 0.250000 0.750000 0.625000 0.625000 1.000000 0.750000 0.875000
0.85 0.375000 0.750000 0.625000 0.750000 0.875000 0.875000 0.750000 0.875000 0.750000 0.375000 0.375000 0.500000 0.625000 0.625000 0.625000 0.875000 1.000000 0.625000 0.625000 0.625000 0.750000 1.000000 0.500000 0.500000 0.750000 0.500000 0.375000 0.750000 0.875000 0.375000 0.625000 0.500000 0.625000 0.625000 0.625000 1.000000 0.750000 0.750000 1.000000 0.750000 0.875000 0.750000 0.250000 0.750000 0.750000 0.375000 0.750000 0.250000 0.750000 0.875000 0.750000
0.90 0.750000 0.625000 0.375000 0.375000 0.500000 0.750000 0.625000 0.750000 0.250000 0.500000 1.000000 0.750000 0.500000 0.750000 0.500000 0.875000 0.500000 0.875000 0.750000 0.875000 0.875000 0.750000 0.625000 0.500000 0.625000 0.500000 0.625000 0.875000 0.625000 0.750000 0.625000 1.000000 0.750000 1.000000 0.625000 0.875000 0.625000 0.500000 0.375000 0.625000 0.625000 1.000000 0.750000 0.750000 0.625000 0.625000 0.625000 0.500000 0.750000 0.500000 0.625000
0.95 0.750000 0.500000 0.500000 0.500000 0.625000 0.750000 0.875000 0.625000 0.750000 0.750000 0.500000 0.250000 0.625000 0.500000 1.000000 0.750000 0.500000 0.625000 0.500000 0.750000 0.750000 0.750000 0.750000 0.750000 0.750000 0.750000 0.625000 0.750000 0.625000 1.000000 0.625000 0.625000 0.625000 1.000000 0.625000 0.625000 0.625000 0.625000 0.625000 0.750000 0.625000 0.500000 1.000000 0.750000 0.875000 1.000000 0.750000 0.875000 0.625000 1.000000 0.500000
1.00 0.875000 0.250000 0.875000 0.750000 1.000000 0.750000 0.875000 0.500000 0.875000 0.875000 0.875000 0.875000 0.750000 0.875000 0.750000 0.875000 1.000000 0.750000 0.750000 0.625000 0.500000 0.625000 1.000000 0.750000 0.625000 0.625000 0.875000 0.875000 0.875000 0.500000 0.625000 0.625000 0.375000 0.625000 0.500000 0.500000 0.625000 0.750000 0.250000 0.375000 0.375000 0.750000 0.750000 0.625000 0.625000 0.750000 0.625000 0.875000 0.875000 0.875000 0.625000
