645 1358 -1.797619
454 1441 -1.731225
94 733 -1.714734
48 598 -1.686869
1894 2034 -1.682143
30 1358 -1.654762
1013 1842 -1.652941
109 610 -1.651786
415 2182 -1.651629
1273 2034 -1.650000
306 1483 -1.644522
1701 1874 -1.639640
1013 2045 -1.637868
1986 2001 -1.611538
415 525 -1.609524
480 598 -1.606061
973 1072 -1.605882
1810 1869 -1.595455
1229 1358 -1.590476
490 1309 -1.590278
1358 1728 -1.588095
1527 2450 -1.583333
306 973 -1.577677
1358 1599 -1.577381
218 733 -1.576803
1095 1986 -1.574359
45 1986 -1.574359
95 1535 -1.571429
94 1966 -1.568182
1558 1986 -1.563462
1358 1743 -1.559524
88 2394 -1.555556
88 743 -1.555556
576 1810 -1.554545
1986 1996 -1.553846
1296 1912 -1.550000
1869 2309 -1.550000
1143 2155 -1.549020
729 1701 -1.545946
118 1538 -1.539474
598 1003 -1.539394
1701 1869 -1.537838
109 2095 -1.537500
20 1072 -1.533333
1301 1542 -1.533333
1072 1358 -1.533333
1448 2034 -1.525000
1224 1732 -1.523077
2 1986 -1.523077
1224 1526 -1.521978
505 2083 -1.518182
831 1358 -1.517857
1986 1998 -1.517308
306 1158 -1.512821
1358 1735 -1.511905
1013 1841 -1.511765
1013 1846 -1.511765
719 1810 -1.509091
1787 1810 -1.507576
95 1303 -1.504762
2130 2249 -1.500000
733 1682 -1.496552
963 1785 -1.494737
1812 1986 -1.492308
476 1986 -1.492308
490 1131 -1.492063
1334 1701 -1.491892
440 441 -1.484848
1358 1759 -1.482143
239 2182 -1.481781
1709 1986 -1.476923
1655 1894 -1.476190
1358 1708 -1.476190
61 1309 -1.475000
873 1358 -1.470238
540 1441 -1.469565
1697 1986 -1.469231
1986 1999 -1.469231
1903 2269 -1.464286
708 1358 -1.464286
626 1358 -1.458333
519 598 -1.454545
598 1301 -1.454545
681 1986 -1.453846
1358 1741 -1.452381
210 2309 -1.450000
417 2034 -1.450000
2034 2040 -1.450000
1026 2034 -1.450000
1358 1713 -1.446429
1927 1928 -1.446154
698 1015 -1.446154
306 573 -1.446154
1901 1954 -1.444444
711 2113 -1.444444
203 963 -1.442105
1072 1483 -1.439394
1704 1986 -1.438462
429 2001 -1.437500
1830 2045 -1.437500
836 1131 -1.434524
1072 1803 -1.433333
230 577 -1.433333
1701 1862 -1.432432
27 1810 -1.431818
733 2304 -1.431034
1042 1481 -1.426087
1224 2156 -1.423077
344 441 -1.418182
94 586 -1.418182
695 1998 -1.416667
645 1901 -1.416667
1358 1756 -1.416667
485 1042 -1.413043
661 1882 -1.412500
429 1618 -1.412500
1358 1740 -1.410714
1121 1810 -1.409091
151 1986 -1.407692
1358 1483 -1.406385
158 1701 -1.405405
95 861 -1.404762
687 1171 -1.400000
1983 2034 -1.400000
465 1869 -1.400000
277 1869 -1.400000
1336 2034 -1.400000
836 1013 -1.397059
1107 1810 -1.395455
441 2094 -1.393939
246 1358 -1.392857
1358 1620 -1.392857
876 1358 -1.392857
767 1701 -1.391892
88 1527 -1.388889
481 1810 -1.386364
252 973 -1.382353
638 1773 -1.380952
490 1463 -1.380952
1701 1871 -1.378378
1131 1224 -1.377289
1149 1986 -1.376923
661 1880 -1.375000
661 807 -1.375000
609 1358 -1.375000
1079 1914 -1.370968
1038 1358 -1.369048
1623 1776 -1.369048
1333 1973 -1.366667
297 1542 -1.366667
1351 2282 -1.366667
1477 1542 -1.366667
1013 1849 -1.365546
973 2016 -1.364706
441 454 -1.363636
1013 1848 -1.361345
88 696 -1.361111
1042 1628 -1.358056
436 1131 -1.357143
1049 1894 -1.357143
415 1527 -1.357143
490 1973 -1.355556
371 1441 -1.354037
1358 1724 -1.352381
1665 1701 -1.351351
957 1358 -1.351190
756 885 -1.350649
341 2045 -1.350000
1592 2071 -1.350000
344 389 -1.350000
725 2071 -1.350000
1382 2176 -1.350000
1399 2309 -1.350000
281 1382 -1.350000
1812 2034 -1.350000
1257 2679 -1.350000
661 1045 -1.350000
88 1732 -1.350000
1530 2464 -1.350000
1929 2034 -1.350000
985 1358 -1.346429
239 1759 -1.346154
1119 1697 -1.346154
1927 1929 -1.346154
1791 2045 -1.343750
1914 1920 -1.338710
1701 1799 -1.337838
69 1013 -1.336134
1417 1703 -1.336134
228 1358 -1.334524
436 498 -1.333333
979 1839 -1.333333
606 1666 -1.333333
1909 2305 -1.333333
279 2344 -1.333333
1498 2025 -1.333333
2025 2027 -1.333333
711 2112 -1.333333
55 815 -1.333333
945 1072 -1.333333
1072 1262 -1.333333
306 476 -1.330769
1701 1856 -1.329730
1358 1716 -1.327381
598 1107 -1.327273
1171 2359 -1.327273
748 2553 -1.327273
1483 2083 -1.327273
218 1382 -1.327273
1131 2155 -1.324930
1628 1635 -1.323529
836 1343 -1.321429
1070 1358 -1.321429
1013 1464 -1.320261
454 2189 -1.318182
505 843 -1.318182
1358 1761 -1.315476
1072 1505 -1.315385
290 567 -1.314286
2247 2509 -1.314286
39 2357 -1.314286
650 1250 -1.314286
809 1115 -1.314286
22 39 -1.314286
1849 1914 -1.313364
661 1879 -1.312500
963 1417 -1.308271
306 2091 -1.307692
1013 1583 -1.305882
65 1628 -1.305882
935 973 -1.305882
277 973 -1.305882
88 1713 -1.305556
1986 2006 -1.302564
71 1986 -1.302564
1203 2155 -1.302521
180 2004 -1.300000
2066 2122 -1.300000
14 2034 -1.300000
118 1616 -1.298246
55 651 -1.297619
657 1740 -1.297619
1095 1810 -1.295455
1358 1742 -1.295238
401 733 -1.293103
1358 1732 -1.292857
1224 1583 -1.292308
792 1986 -1.292308
101 1358 -1.291667
1224 1848 -1.291209
963 1703 -1.291022
568 1810 -1.287879
661 1881 -1.287500
1072 1725 -1.287500
1986 1997 -1.287179
797 1358 -1.286905
1189 1358 -1.286905
1131 1909 -1.285714
1623 1768 -1.285714
581 1623 -1.285714
454 973 -1.283422
2034 2035 -1.283333
118 454 -1.282297
231 1701 -1.282282
239 1909 -1.282051
109 2094 -1.281250
1358 1729 -1.280952
1241 1701 -1.279279
1701 1865 -1.279279
252 711 -1.277778
2259 2335 -1.277778
1531 1889 -1.277778
490 826 -1.277778
1474 2335 -1.277778
1654 2034 -1.275000
1015 1519 -1.274725
1013 1403 -1.274510
1013 1844 -1.274510
1013 1840 -1.274510
1914 2388 -1.274194
1348 1810 -1.272727
1810 1818 -1.272727
598 2138 -1.272727
1628 2056 -1.272059
1218 1927 -1.269231
306 554 -1.269231
1674 1914 -1.268817
830 1914 -1.268817
489 1358 -1.267857
718 1416 -1.266667
1204 1839 -1.266667
859 1199 -1.266667
437 498 -1.266667
498 1652 -1.266667
211 1909 -1.266667
524 979 -1.266667
440 725 -1.266667
1377 2388 -1.266667
1682 2291 -1.266667
645 1899 -1.266667
1050 1634 -1.266667
1171 1909 -1.266667
1402 1616 -1.266667
231 2217 -1.266667
61 1416 -1.266667
1117 1628 -1.264706
733 2011 -1.264368
733 2035 -1.264368
1986 2003 -1.261538
1776 2045 -1.260417
382 2034 -1.258333
1224 2151 -1.256410
68 1358 -1.255952
1441 1958 -1.254658
88 498 -1.250000
149 1655 -1.250000
2127 2130 -1.250000
1002 2034 -1.250000
88 2011 -1.250000
643 1538 -1.250000
747 1538 -1.250000
994 2309 -1.250000
1470 1824 -1.250000
1358 1758 -1.250000
1441 2274 -1.246377
118 1851 -1.245614
1013 1293 -1.245098
471 1013 -1.245098
519 1986 -1.244872
1224 2155 -1.244344
1358 1745 -1.244048
2001 2335 -1.243056
1986 2008 -1.241026
790 1810 -1.240909
109 2093 -1.239583
1358 1710 -1.239286
467 1701 -1.238739
1701 1857 -1.238739
899 1986 -1.238462
2024 2178 -1.238095
1131 2283 -1.238095
1542 1577 -1.238095
118 842 -1.236842
118 2010 -1.236842
218 792 -1.236364
1013 1850 -1.235294
1072 1478 -1.233333
306 581 -1.230769
733 1329 -1.229885
429 1889 -1.229167
118 388 -1.228070
1041 1358 -1.226190
1665 2034 -1.225000
722 1273 -1.225000
1701 1846 -1.224324
290 1765 -1.223529
1196 1624 -1.223529
1013 1729 -1.223529
364 1358 -1.222403
30 1416 -1.222222
40 507 -1.222222
644 711 -1.222222
749 2155 -1.215686
539 2155 -1.215686
530 1013 -1.215686
348 2248 -1.214286
191 2385 -1.214286
411 1577 -1.214286
2304 2385 -1.214286
737 2136 -1.214286
771 1080 -1.214286
621 2018 -1.214286
1067 1830 -1.214286
350 406 -1.214286
109 1785 -1.212500
436 1978 -1.211111
687 1358 -1.210714
603 2045 -1.209821
661 830 -1.208333
1358 1717 -1.208333
306 1804 -1.207692
201 1986 -1.206593
1914 1917 -1.204301
1505 1624 -1.203620
1441 1957 -1.202899
55 210 -1.200000
725 1652 -1.200000
548 809 -1.200000
1801 2203 -1.200000
2162 2163 -1.200000
1846 2357 -1.200000
514 1882 -1.200000
935 1873 -1.200000
1107 2243 -1.200000
1120 2194 -1.200000
576 665 -1.200000
1072 1784 -1.200000
1311 2080 -1.200000
316 2004 -1.200000
681 1171 -1.200000
1682 2189 -1.200000
203 1869 -1.200000
1704 1912 -1.200000
1097 1869 -1.200000
1542 1942 -1.200000
918 1542 -1.200000
2034 2130 -1.200000
1249 1483 -1.196970
435 733 -1.195402
1013 1120 -1.194118
239 910 -1.192308
173 1358 -1.190476
109 1998 -1.187500
1174 2394 -1.187500
1873 1986 -1.184615
232 1986 -1.184615
1149 1358 -1.184524
1287 1358 -1.184524
487 859 -1.183333
2009 2025 -1.183333
1968 2034 -1.183333
1416 1926 -1.182540
1954 1955 -1.180556
330 1505 -1.179487
1015 2263 -1.179487
1505 1699 -1.179487
1015 1068 -1.179487
1015 1452 -1.179487
764 1358 -1.178571
506 1013 -1.176471
1013 1675 -1.176471
1692 2347 -1.175439
2182 2233 -1.175439
59 1358 -1.173810
1986 1987 -1.173077
1358 1444 -1.172619
434 2133 -1.171429
1519 1534 -1.171429
1652 1848 -1.171429
306 417 -1.169231
702 779 -1.166667
25 1301 -1.166667
644 2177 -1.166667
1671 2136 -1.166667
392 1825 -1.166667
801 1470 -1.166667
1183 1354 -1.166667
397 2329 -1.166667
666 1973 -1.166667
32 1973 -1.166667
1416 1602 -1.166667
88 1494 -1.166667
565 687 -1.166667
279 2165 -1.166667
513 657 -1.166667
1569 1966 -1.166667
577 870 -1.166667
960 1776 -1.166667
1655 1839 -1.166667
481 2291 -1.166667
2025 2026 -1.166667
1121 1131 -1.166667
252 1973 -1.166667
73 1358 -1.166667
743 1986 -1.164103
344 661 -1.162500
95 693 -1.161905
1358 1718 -1.160714
901 1042 -1.159420
733 794 -1.158621
1614 2034 -1.158333
391 1986 -1.157692
1703 1968 -1.156863
334 1013 -1.156863
2335 2336 -1.155556
1284 2450 -1.154762
687 1725 -1.154167
1224 1851 -1.153846
1810 1815 -1.151515
795 1810 -1.151515
741 1282 -1.150000
88 162 -1.150000
88 2016 -1.150000
1566 2071 -1.150000
1358 1737 -1.148810
1224 1975 -1.148352
661 1878 -1.145833
2001 2381 -1.145833
196 429 -1.145833
74 2155 -1.143791
1115 1529 -1.142857
1149 1894 -1.142857
1215 1894 -1.142857
1986 2000 -1.142308
1359 1914 -1.141935
1224 1341 -1.141026
1042 2198 -1.139130
88 2010 -1.138889
1072 1740 -1.138095
441 671 -1.136364
627 2238 -1.136364
1174 1912 -1.133333
1973 1974 -1.133333
504 1973 -1.133333
1542 1607 -1.133333
1482 1973 -1.133333
1609 1912 -1.133333
316 1073 -1.133333
1050 1569 -1.133333
376 1583 -1.133333
1092 1171 -1.133333
357 1358 -1.130952
174 1358 -1.130952
586 1224 -1.130769
1810 1823 -1.128788
2182 2198 -1.126316
210 1907 -1.125000
1538 1842 -1.125000
429 1669 -1.125000
708 836 -1.125000
1169 2476 -1.124224
218 482 -1.121212
45 733 -1.120690
733 1818 -1.120690
337 1358 -1.119048
1358 1499 -1.119048
88 1882 -1.116667
189 1072 -1.116667
1441 1619 -1.115942
109 289 -1.114583
356 2018 -1.114286
1676 1975 -1.114286
1973 1975 -1.114286
1979 2178 -1.114286
936 1067 -1.114286
1358 1751 -1.113095
1525 1914 -1.112903
1154 1358 -1.112013
1986 2004 -1.111538
74 1416 -1.111111
88 1394 -1.111111
482 2307 -1.111111
695 1790 -1.111111
702 1368 -1.111111
48 714 -1.111111
149 1416 -1.111111
572 1416 -1.111111
921 1914 -1.107527
1914 1916 -1.107527
244 1358 -1.107143
156 1358 -1.107143
1703 1906 -1.105882
1015 1788 -1.102564
968 1986 -1.102564
306 2086 -1.102564
957 1154 -1.102273
1624 1705 -1.100840
2034 2041 -1.100000
728 1296 -1.100000
1050 1320 -1.100000
356 498 -1.100000
990 1542 -1.100000
55 2021 -1.100000
191 1677 -1.100000
604 2109 -1.100000
2 1666 -1.100000
979 1303 -1.100000
91 1046 -1.100000
661 935 -1.100000
1196 1367 -1.100000
1204 1602 -1.100000
456 2472 -1.100000
1987 2509 -1.100000
1307 1444 -1.100000
397 665 -1.100000
1026 1303 -1.100000
1622 2425 -1.100000
2194 2195 -1.100000
397 1096 -1.100000
411 1096 -1.100000
465 2304 -1.100000
548 843 -1.100000
808 1785 -1.100000
889 1830 -1.100000
1003 1687 -1.100000
194 473 -1.100000
792 1488 -1.100000
965 1693 -1.100000
1083 2114 -1.100000
1503 2243 -1.100000
18 2145 -1.100000
510 1013 -1.098039
1624 1786 -1.098039
403 1742 -1.095238
1519 2335 -1.095238
1954 1958 -1.095238
616 1358 -1.095238
239 887 -1.092308
687 1721 -1.091667
88 737 -1.091270
835 1810 -1.090909
699 1701 -1.090090
973 1583 -1.088235
1152 2155 -1.088235
261 1701 -1.087838
1479 1701 -1.087838
429 1807 -1.087500
179 1986 -1.087179
55 60 -1.083333
565 2279 -1.083333
1795 2464 -1.083333
519 836 -1.083333
671 2025 -1.083333
645 1898 -1.083333
149 2025 -1.083333
860 1527 -1.083333
755 2071 -1.083333
897 1494 -1.083333
1370 2274 -1.083333
281 746 -1.083333
1435 2071 -1.083333
101 281 -1.083333
1022 1961 -1.083333
1527 2274 -1.083333
1840 2071 -1.083333
1336 1452 -1.083333
73 449 -1.083333
429 523 -1.083333
306 519 -1.083333
155 1358 -1.083333
24 1701 -1.083012
1810 1821 -1.081818
1676 1914 -1.077419
1042 2054 -1.077295
1110 1224 -1.076923
596 1914 -1.075269
2133 2182 -1.075188
1448 2045 -1.075000
1463 2132 -1.071429
1487 1849 -1.071429
1487 1501 -1.071429
2246 2247 -1.071429
74 544 -1.069444
1358 1738 -1.069048
406 505 -1.068182
716 1810 -1.068182
760 985 -1.066667
1599 2614 -1.066667
644 728 -1.066667
1199 1566 -1.066667
297 598 -1.066667
1973 1976 -1.066667
95 2182 -1.065163
1358 1546 -1.063095
109 1661 -1.062500
1015 1481 -1.061538
306 1072 -1.061538
454 1917 -1.060606
598 1823 -1.060606
236 1072 -1.060606
1692 2349 -1.060150
980 1623 -1.059524
1810 1812 -1.059091
1013 1851 -1.058824
819 1358 -1.057143
482 2230 -1.055556
1416 1921 -1.055556
737 1269 -1.053571
1358 2597 -1.053571
1358 1709 -1.051190
1358 1723 -1.051190
524 1358 -1.051190
1325 2247 -1.047619
415 593 -1.047619
85 1065 -1.047619
484 1699 -1.047619
651 2023 -1.047619
1065 1699 -1.047619
885 2386 -1.047619
1147 1865 -1.047619
737 1974 -1.047619
564 2476 -1.047619
1417 1452 -1.047619
39 1522 -1.047619
1115 2276 -1.047619
1688 2671 -1.047619
837 2248 -1.047619
970 1358 -1.045238
645 1826 -1.041667
695 1336 -1.041667
230 1810 -1.040909
748 1358 -1.040584
1013 1847 -1.039216
998 1103 -1.039216
1152 1927 -1.038462
505 573 -1.036364
88 1908 -1.035714
1169 2220 -1.034783
1986 1995 -1.034615
366 1986 -1.034615
1127 1986 -1.034615
1655 1842 -1.033333
1478 1902 -1.033333
435 1912 -1.033333
1683 1973 -1.033333
409 1624 -1.029412
671 973 -1.029412
687 1610 -1.028571
175 2217 -1.028571
1070 1072 -1.028571
306 1856 -1.028205
2016 2071 -1.025000
429 794 -1.025000
1131 2282 -1.023810
415 1850 -1.023810
1870 1986 -1.023077
1636 1701 -1.021622
1309 1625 -1.020833
471 2394 -1.020833
118 554 -1.017544
503 1692 -1.017544
1692 2348 -1.017544
574 1692 -1.017544
1505 1801 -1.015385
1810 1820 -1.015152
181 1013 -1.014706
482 1810 -1.012626
1358 1721 -1.011905
1464 1914 -1.007168
1701 1868 -1.006757
306 1799 -1.006410
748 1103 -1.005348
541 1022 -1.000000
417 1072 -1.000000
1998 2326 -1.000000
651 885 -1.000000
588 2383 -1.000000
1296 1911 -1.000000
897 1907 -1.000000
572 2025 -1.000000
211 356 -1.000000
370 1408 -1.000000
120 514 -1.000000
1546 2169 -1.000000
539 711 -1.000000
2233 2291 -1.000000
539 1616 -1.000000
979 1957 -1.000000
1957 2241 -1.000000
645 891 -1.000000
645 1495 -1.000000
645 950 -1.000000
1351 1535 -1.000000
415 737 -1.000000
1954 1957 -1.000000
1303 2163 -1.000000
2442 2614 -1.000000
1199 1599 -1.000000
65 2419 -1.000000
1395 2189 -1.000000
945 2388 -1.000000
868 1195 -1.000000
1072 1801 -1.000000
436 1494 -1.000000
843 2339 -1.000000
972 2580 -1.000000
1079 1218 -1.000000
1333 2195 -1.000000
1512 2145 -1.000000
266 578 -1.000000
827 1999 -1.000000
989 2285 -1.000000
1049 1432 -1.000000
379 1898 -1.000000
541 1896 -1.000000
1704 2077 -1.000000
436 1981 -1.000000
838 868 -1.000000
1395 2072 -1.000000
572 2418 -1.000000
937 2096 -1.000000
1191 2241 -1.000000
2329 2330 -1.000000
458 1276 -1.000000
644 1258 -1.000000
743 1239 -1.000000
1580 1892 -1.000000
1671 2137 -1.000000
2221 2507 -1.000000
119 1537 -1.000000
191 382 -1.000000
249 1884 -1.000000
103 1790 -1.000000
279 502 -1.000000
1742 2307 -1.000000
306 1797 -0.994872
1169 1737 -0.992754
306 1705 -0.990842
1692 2186 -0.989474
1131 1655 -0.988095
929 1358 -0.988095
1358 1516 -0.988095
333 1358 -0.988095
805 963 -0.986842
1986 2009 -0.984615
657 1729 -0.983333
565 1723 -0.983333
1889 2034 -0.983333
102 1623 -0.982143
1358 1725 -0.982143
306 1045 -0.982051
95 1628 -0.980392
176 973 -0.980392
973 2153 -0.980392
1337 1701 -0.979730
318 1701 -0.979730
88 2017 -0.977778
1560 1623 -0.976190
1138 2248 -0.976190
951 1358 -0.976190
111 1358 -0.976190
1807 2034 -0.975000
1902 1903 -0.975000
1701 1877 -0.972973
784 1701 -0.972973
1701 1855 -0.972973
211 1908 -0.971429
1035 1801 -0.971429
59 1067 -0.971429
1203 1842 -0.971429
651 1984 -0.971429
1070 1829 -0.971429
603 1873 -0.971429
1243 1358 -0.970238
1205 1358 -0.970238
1358 1746 -0.970238
1209 1358 -0.970238
1358 1750 -0.970238
1299 1810 -0.969697
1166 1986 -0.969231
1986 1993 -0.969231
1986 1994 -0.969231
1986 1992 -0.969231
1986 1988 -0.969231
1986 1991 -0.969231
1434 1986 -0.969231
1072 1798 -0.966667
1358 1739 -0.966270
2182 2232 -0.964912
1628 2021 -0.964706
748 1169 -0.964427
1080 2344 -0.964286
1778 2327 -0.964286
371 1553 -0.964286
281 2247 -0.964286
823 1358 -0.961905
1075 1701 -0.959459
503 2001 -0.958333
2001 2348 -0.958333
574 2001 -0.958333
60 1527 -0.958333
220 817 -0.958333
1268 2309 -0.958333
191 1998 -0.958333
1269 2227 -0.958333
757 1358 -0.958333
1281 1358 -0.958333
686 1358 -0.958333
1118 2155 -0.955882
779 1914 -0.955645
133 399 -0.955556
302 1158 -0.955556
218 1348 -0.954545
1062 1810 -0.954545
1810 1816 -0.954545
1004 1810 -0.954545
1810 1813 -0.954545
2155 2295 -0.952941
2054 2133 -0.952381
314 1623 -0.952381
289 1358 -0.952381
1654 1952 -0.950000
244 1072 -0.950000
1309 1882 -0.950000
1319 2034 -0.950000
1270 2034 -0.950000
2034 2038 -0.950000
2034 2036 -0.950000
841 2034 -0.950000
1023 1986 -0.948718
604 1914 -0.948387
201 1701 -0.947876
154 364 -0.946970
1358 1715 -0.946429
343 1701 -0.945946
598 1821 -0.945455
459 1681 -0.944444
482 2308 -0.944444
74 2419 -0.944444
1416 1468 -0.944444
581 1616 -0.944444
48 1666 -0.944444
627 2335 -0.944444
88 841 -0.944444
88 2012 -0.944444
1013 1521 -0.941176
1013 1845 -0.941176
908 1013 -0.941176
1623 1769 -0.940476
90 1358 -0.940476
1358 1736 -0.940476
1358 1604 -0.940476
1358 1722 -0.940476
1358 1757 -0.940476
1358 1763 -0.940476
1284 1358 -0.940476
598 637 -0.939394
598 1573 -0.939394
566 1986 -0.938462
673 1986 -0.938462
460 1986 -0.938462
2026 2045 -0.937500
109 1769 -0.937500
429 2041 -0.937500
102 109 -0.937500
86 429 -0.937500
170 1358 -0.934524
1358 1747 -0.934524
1838 2182 -0.934211
1072 1797 -0.933333
191 608 -0.933333
1402 1919 -0.933333
815 1344 -0.933333
1334 1950 -0.933333
110 1599 -0.933333
510 1171 -0.933333
95 736 -0.933333
1470 2553 -0.933333
323 498 -0.933333
809 2228 -0.933333
1906 2059 -0.933333
1399 2227 -0.933333
328 1250 -0.933333
388 1899 -0.933333
514 1314 -0.933333
1107 2379 -0.933333
1402 1972 -0.933333
148 714 -0.933333
269 321 -0.933333
271 1970 -0.933333
299 2386 -0.933333
1204 1330 -0.933333
2203 2330 -0.933333
324 2194 -0.933333
465 1403 -0.933333
620 2534 -0.933333
647 1267 -0.933333
725 1104 -0.933333
746 1303 -0.933333
1017 1475 -0.933333
162 1268 -0.933333
349 465 -0.933333
985 1073 -0.933333
1073 2163 -0.933333
110 2279 -0.933333
1003 1373 -0.933333
1377 1840 -0.933333
2023 2217 -0.933333
323 2022 -0.933333
1382 2283 -0.933333
548 2138 -0.933333
1377 2068 -0.933333
8 1996 -0.933333
1061 1196 -0.933333
1629 1711 -0.933333
1 2 -0.933333
438 718 -0.933333
1542 1939 -0.933333
216 1701 -0.932432
733 1294 -0.931034
733 2302 -0.931034
124 306 -0.930769
1701 1873 -0.929730
563 1701 -0.929730
1884 1958 -0.928571
650 1756 -0.928571
1086 2247 -0.928571
567 1262 -0.928571
39 1634 -0.928571
854 1884 -0.928571
565 1610 -0.928571
143 1701 -0.927928
1023 1701 -0.927928
756 2186 -0.927273
748 1732 -0.927273
1801 2451 -0.927273
1013 1661 -0.926471
1103 1358 -0.925770
49 2034 -0.925000
1574 1986 -0.923077
1986 2002 -0.923077
1222 1224 -0.923077
1224 2152 -0.923077
466 1358 -0.922619
150 310 -0.921569
1535 2155 -0.921569
1701 1867 -0.918919
633 1701 -0.918919
109 1789 -0.918750
1229 1749 -0.916667
55 1079 -0.916667
279 304 -0.916667
1655 2282 -0.916667
16 2444 -0.916667
526 565 -0.916667
1216 2503 -0.916667
55 787 -0.916667
252 2485 -0.916667
387 519 -0.916667
684 1358 -0.916667
580 1358 -0.916667
344 854 -0.914286
854 935 -0.914286
1362 1914 -0.913978
1914 1919 -0.913978
439 1169 -0.913043
624 1042 -0.913043
306 1781 -0.912821
1070 1725 -0.910714
1721 1761 -0.910714
306 1009 -0.910256
109 124 -0.906250
139 2045 -0.906250
383 733 -0.905172
733 1062 -0.905172
1070 1470 -0.904762
1143 2376 -0.904762
382 1203 -0.904762
175 2135 -0.904762
374 2147 -0.904762
2146 2147 -0.904762
904 1312 -0.904762
593 1115 -0.904762
415 1908 -0.904762
312 1740 -0.904762
415 818 -0.904762
1914 1915 -0.903226
24 598 -0.900433
718 2059 -0.900000
1592 2485 -0.900000
316 1821 -0.900000
1829 1902 -0.900000
1899 1902 -0.900000
399 1089 -0.900000
210 1671 -0.900000
1497 2034 -0.900000
180 790 -0.900000
859 2096 -0.900000
438 1984 -0.900000
210 1906 -0.900000
372 1834 -0.900000
466 2546 -0.900000
1487 2017 -0.900000
124 1622 -0.900000
586 1218 -0.900000
1382 1502 -0.900000
1348 2163 -0.900000
228 1871 -0.900000
55 323 -0.900000
1351 1592 -0.900000
728 2388 -0.900000
1240 1702 -0.900000
693 1851 -0.900000
399 544 -0.900000
1072 1800 -0.900000
194 1050 -0.900000
754 1358 -0.898810
1358 1726 -0.898810
341 1358 -0.898810
1358 1565 -0.898810
160 1986 -0.896703
733 759 -0.896552
1725 2413 -0.895833
1423 1692 -0.894737
963 1141 -0.894737
1692 2302 -0.894737
1515 2182 -0.894737
858 2182 -0.894737
1285 2182 -0.894737
487 1705 -0.892857
2177 2367 -0.892857
744 1358 -0.892857
738 1927 -0.892308
1015 1789 -0.892308
1623 1781 -0.890476
496 711 -0.888889
1889 1892 -0.888889
1416 1924 -0.888889
176 231 -0.888889
59 1725 -0.887500
215 1986 -0.887179
552 1358 -0.886905
306 2087 -0.884615
1725 1740 -0.883929
589 1624 -0.882353
310 1949 -0.882353
973 2019 -0.882353
2155 2294 -0.882353
597 1628 -0.882353
719 1623 -0.880952
998 2365 -0.880952
1358 1749 -0.880952
454 581 -0.878788
1592 1914 -0.877419
778 1914 -0.877419
68 1986 -0.876923
962 1810 -0.876623
1336 2033 -0.875000
897 1156 -0.875000
444 582 -0.875000
1687 1721 -0.875000
1903 1960 -0.875000
534 609 -0.875000
609 883 -0.875000
38 429 -0.875000
102 1871 -0.875000
2001 2378 -0.875000
1427 1725 -0.875000
158 2034 -0.875000
897 1410 -0.875000
1782 2326 -0.875000
1647 2160 -0.875000
1360 1650 -0.875000
661 1884 -0.875000
141 2034 -0.875000
281 1000 -0.875000
1358 1727 -0.875000
1358 1712 -0.875000
1358 1711 -0.875000
2180 2182 -0.873684
218 1020 -0.872727
218 2076 -0.872727
1015 1385 -0.871795
306 1490 -0.871795
306 329 -0.871795
157 1701 -0.871622
1905 1914 -0.870968
756 1469 -0.870130
1481 2335 -0.866667
1072 1799 -0.866667
1155 1229 -0.866667
1229 1506 -0.866667
342 1072 -0.866667
1810 1819 -0.863636
1809 1810 -0.863636
978 1358 -0.863095
310 1331 -0.862745
733 1192 -0.862069
733 2303 -0.862069
1008 1416 -0.861111
118 581 -0.859649
2072 2182 -0.859649
510 1131 -0.857143
1417 1529 -0.857143
1035 1740 -0.857143
838 1131 -0.857143
536 1894 -0.857143
1255 2248 -0.857143
856 2248 -0.857143
1627 1740 -0.857143
1529 1908 -0.857143
1358 1550 -0.857143
1131 1930 -0.857143
1875 1986 -0.856410
1154 1742 -0.854545
13 1701 -0.851351
1042 1926 -0.850932
86 2034 -0.850000
449 1834 -0.850000
86 2295 -0.850000
617 2034 -0.850000
1484 2383 -0.850000
1635 2383 -0.850000
2083 2168 -0.850000
1432 1950 -0.850000
306 1251 -0.848718
598 968 -0.848485
103 306 -0.846154
109 1624 -0.845588
33 911 -0.844444
109 1045 -0.843750
109 519 -0.843750
484 1367 -0.842857
2182 2231 -0.842105
1808 1810 -0.840909
1292 1358 -0.839286
154 1358 -0.839286
95 1602 -0.838095
1701 1820 -0.837838
443 1966 -0.833333
151 2335 -0.833333
645 1824 -0.833333
1328 2160 -0.833333
32 279 -0.833333
279 666 -0.833333
779 1973 -0.833333
1000 1325 -0.833333
436 1332 -0.833333
88 2013 -0.833333
1851 2485 -0.833333
45 1219 -0.833333
401 1160 -0.833333
1525 1973 -0.833333
91 2122 -0.833333
946 1966 -0.833333
1357 2025 -0.833333
350 1623 -0.833333
1351 1972 -0.833333
755 1898 -0.833333
1768 1837 -0.833333
451 2285 -0.833333
795 1645 -0.833333
5 2546 -0.833333
87 842 -0.833333
255 1266 -0.833333
267 2000 -0.833333
485 2219 -0.833333
827 1039 -0.833333
861 2330 -0.833333
1419 2259 -0.833333
1543 2029 -0.833333
1838 2219 -0.833333
2266 2364 -0.833333
93 2151 -0.833333
324 2156 -0.833333
485 839 -0.833333
827 1921 -0.833333
830 2100 -0.833333
861 2068 -0.833333
1239 2027 -0.833333
1330 1837 -0.833333
1522 1697 -0.833333
2151 2423 -0.833333
324 827 -0.833333
518 1373 -0.833333
552 2201 -0.833333
579 994 -0.833333
749 1333 -0.833333
801 2516 -0.833333
1484 2520 -0.833333
1512 2023 -0.833333
1513 1830 -0.833333
1609 1791 -0.833333
2230 2296 -0.833333
469 2304 -0.833333
495 2192 -0.833333
607 1664 -0.833333
80 257 -0.833333
878 2326 -0.833333
88 1741 -0.833333
266 2227 -0.833333
415 1174 -0.833333
8 281 -0.833333
1158 1635 -0.833333
2164 2282 -0.833333
113 1884 -0.833333
2135 2282 -0.833333
760 1426 -0.833333
1299 1701 -0.833333
728 1070 -0.828571
650 819 -0.828571
1552 1778 -0.828571
1202 2376 -0.828571
17 24 -0.828571
638 783 -0.828571
271 638 -0.828571
628 1169 -0.826087
1042 1125 -0.826087
429 863 -0.825000
228 1721 -0.825000
1701 1858 -0.824324
580 1765 -0.823529
1103 1520 -0.823529
1365 1703 -0.823529
759 1703 -0.823529
973 1142 -0.823529
1703 1967 -0.823529
993 2155 -0.823529
149 1080 -0.821429
1474 1908 -0.821429
1358 1764 -0.821429
1848 2419 -0.821429
306 719 -0.820513
175 1914 -0.820276
1131 2280 -0.819048
1433 2359 -0.818182
505 1258 -0.818182
224 1810 -0.818182
94 195 -0.818182
218 2594 -0.818182
129 441 -0.818182
193 441 -0.818182
274 748 -0.818182
218 2119 -0.818182
2451 2452 -0.818182
1175 2359 -0.818182
218 781 -0.818182
598 2707 -0.818182
598 1473 -0.818182
165 598 -0.818182
598 1636 -0.818182
1169 1358 -0.816770
403 2503 -0.809524
1623 1773 -0.809524
758 1358 -0.809524
88 130 -0.805556
1954 1956 -0.805556
310 1581 -0.803922
792 2555 -0.800000
911 1534 -0.800000
665 2120 -0.800000
437 718 -0.800000
2 332 -0.800000
1344 1928 -0.800000
1072 1805 -0.800000
224 2034 -0.800000
1566 1732 -0.800000
299 2383 -0.800000
1906 1964 -0.800000
1334 1542 -0.800000
456 525 -0.800000
1051 2383 -0.800000
59 580 -0.800000
1459 2080 -0.800000
942 1952 -0.800000
65 543 -0.800000
1171 1855 -0.800000
316 920 -0.800000
649 1171 -0.800000
164 210 -0.800000
1171 1355 -0.800000
751 1204 -0.800000
779 1224 -0.798077
1007 1154 -0.795455
13 1810 -0.795455
1581 1810 -0.795455
1331 1810 -0.795455
549 1810 -0.795455
1282 1483 -0.795455
306 1651 -0.794872
306 2078 -0.794872
306 1572 -0.794872
239 1376 -0.794872
1435 1927 -0.794872
239 2418 -0.794872
880 1013 -0.794118
2131 2182 -0.789474
1146 1505 -0.788462
752 2451 -0.787879
505 1779 -0.787879
218 2091 -0.787879
1926 2189 -0.785714
567 760 -0.785714
1623 1778 -0.785714
1461 2248 -0.785714
95 734 -0.785714
459 1623 -0.785714
815 2018 -0.785714
436 885 -0.785714
1920 1926 -0.785714
962 1665 -0.785714
1583 2025 -0.783333
1042 2051 -0.782609
525 2182 -0.782456
1015 1143 -0.782051
294 306 -0.782051
1834 2359 -0.781818
733 2291 -0.781609
109 176 -0.781250
95 2199 -0.780952
796 1358 -0.779762
52 2182 -0.778947
1739 2221 -0.777778
231 387 -0.777778
436 1982 -0.777778
702 2101 -0.777778
833 1678 -0.777778
33 2119 -0.777778
1889 1893 -0.777778
490 2105 -0.777778
711 1285 -0.777778
833 2036 -0.777778
1703 2238 -0.775401
18 139 -0.775000
2168 2169 -0.775000
1846 2117 -0.775000
1399 2394 -0.775000
59 609 -0.775000
1469 1692 -0.774436
95 1838 -0.773810
1358 1765 -0.773109
1810 1817 -0.772727
454 1661 -0.772727
148 2518 -0.771429
1065 1096 -0.771429
1221 1577 -0.771429
519 2045 -0.770833
1927 1930 -0.769231
306 1640 -0.769231
306 2084 -0.769231
745 1986 -0.769231
1725 1745 -0.767857
299 2387 -0.766667
1051 2122 -0.766667
525 2181 -0.766667
216 1542 -0.766667
1013 1625 -0.764706
263 1103 -0.764706
1103 1718 -0.764706
306 308 -0.764103
505 1448 -0.763636
1702 2238 -0.763636
638 2387 -0.761905
816 2282 -0.761905
436 816 -0.761905
312 1610 -0.761905
650 1486 -0.761905
1035 1433 -0.761905
733 862 -0.758621
1701 1852 -0.756757
306 1787 -0.756410
306 2090 -0.756410
302 306 -0.756410
306 2080 -0.753846
415 1309 -0.752976
733 1160 -0.752874
442 627 -0.750000
734 2056 -0.750000
1655 2136 -0.750000
1716 2446 -0.750000
107 541 -0.750000
628 2546 -0.750000
2001 2121 -0.750000
438 1983 -0.750000
544 1769 -0.750000
1269 1880 -0.750000
86 1336 -0.750000
154 1444 -0.750000
1602 2074 -0.750000
616 2503 -0.750000
980 1367 -0.750000
565 1038 -0.750000
897 1983 -0.750000
628 1725 -0.750000
2034 2037 -0.750000
55 771 -0.750000
154 2525 -0.750000
645 1895 -0.750000
379 1022 -0.750000
606 2230 -0.750000
55 1983 -0.750000
1224 1525 -0.750000
487 2026 -0.750000
578 1879 -0.750000
157 2493 -0.750000
835 1654 -0.750000
2027 2360 -0.750000
1567 1654 -0.750000
948 1395 -0.750000
1008 2059 -0.750000
139 306 -0.750000
1479 1894 -0.750000
261 1894 -0.750000
89 2463 -0.750000
1309 1741 -0.750000
88 815 -0.750000
945 1911 -0.750000
1718 2685 -0.750000
383 1704 -0.750000
73 1723 -0.750000
793 1902 -0.750000
331 1527 -0.750000
840 1903 -0.750000
1527 1668 -0.750000
1043 2309 -0.750000
1168 1955 -0.750000
836 2403 -0.750000
1022 1168 -0.750000
461 2309 -0.750000
879 1558 -0.750000
1698 2160 -0.750000
281 1347 -0.750000
1296 1910 -0.750000
429 2043 -0.750000
661 1885 -0.750000
689 1358 -0.750000
290 2359 -0.745455
1154 2515 -0.745455
308 2045 -0.743750
1224 1919 -0.743590
1399 1501 -0.742857
506 1914 -0.741935
1675 1914 -0.741935
41 1914 -0.741935
2238 2240 -0.740260
699 2045 -0.739583
1042 1925 -0.739130
720 1441 -0.739130
215 1701 -0.738739
146 1927 -0.738462
1623 1784 -0.738095
95 2197 -0.738095
306 452 -0.737179
316 598 -0.736364
1013 1644 -0.735294
1013 1843 -0.735294
1464 1482 -0.733333
468 647 -0.733333
248 1964 -0.733333
768 1566 -0.733333
269 2543 -0.733333
74 586 -0.733333
936 2530 -0.733333
230 1095 -0.733333
783 1143 -0.733333
2515 2530 -0.733333
290 687 -0.733333
1655 2295 -0.733333
119 1959 -0.733333
1046 2387 -0.733333
687 1546 -0.733333
174 1742 -0.733333
1710 2444 -0.733333
18 1786 -0.733333
162 1667 -0.733333
2279 2466 -0.733333
2164 2217 -0.733333
8 269 -0.733333
669 729 -0.733333
724 1344 -0.733333
693 763 -0.733333
2670 2679 -0.733333
1742 2443 -0.733333
682 1224 -0.730769
306 1779 -0.730769
306 1346 -0.730769
1624 1785 -0.729412
69 1351 -0.728571
357 1154 -0.727273
364 1306 -0.727273
73 1035 -0.726190
1358 1719 -0.726190
1040 1358 -0.726190
1358 1720 -0.726190
1360 1902 -0.725000
897 2295 -0.725000
74 1042 -0.724638
69 1914 -0.723502
490 2099 -0.722222
1416 1925 -0.722222
2268 2291 -0.722222
436 1977 -0.722222
133 2045 -0.722222
436 878 -0.722222
436 1039 -0.722222
88 1309 -0.722222
258 963 -0.721805
1628 2055 -0.720588
1924 1927 -0.717949
109 306 -0.715545
598 869 -0.715152
1131 2281 -0.714286
1428 2376 -0.714286
371 1354 -0.714286
95 334 -0.714286
1067 2307 -0.714286
1526 1879 -0.714286
1065 2211 -0.714286
1070 1167 -0.714286
39 1965 -0.714286
1185 1992 -0.714286
2152 2385 -0.714286
368 2393 -0.714286
121 802 -0.714286
234 610 -0.714286
461 1203 -0.714286
610 2481 -0.714286
813 2376 -0.714286
121 1910 -0.714286
2018 2019 -0.714286
39 1532 -0.714286
147 1519 -0.714286
325 1848 -0.714286
536 567 -0.714286
567 631 -0.714286
116 1501 -0.714286
1519 2108 -0.714286
79 603 -0.714286
1701 1875 -0.711712
1119 2127 -0.711538
1183 1824 -0.708333
2228 2394 -0.708333
876 2168 -0.708333
2015 2071 -0.708333
215 2045 -0.708333
65 239 -0.707692
310 990 -0.705882
1520 1765 -0.705882
2155 2293 -0.705882
1624 1788 -0.705882
151 2238 -0.704545
109 236 -0.704545
152 2238 -0.704545
118 1507 -0.701754
1441 1954 -0.700483
1758 2466 -0.700000
1367 2080 -0.700000
1367 2143 -0.700000
1427 1742 -0.700000
315 1602 -0.700000
1781 1998 -0.700000
401 1096 -0.700000
59 1287 -0.700000
277 696 -0.700000
1365 1702 -0.700000
1336 1797 -0.700000
180 1020 -0.700000
180 2076 -0.700000
1171 1295 -0.700000
1502 2163 -0.700000
257 2180 -0.700000
332 2122 -0.700000
1072 1733 -0.700000
180 1807 -0.700000
1602 2072 -0.700000
665 2122 -0.700000
1041 2390 -0.700000
124 1367 -0.700000
306 1367 -0.700000
133 1623 -0.698413
1787 2045 -0.697917
868 1526 -0.696429
1358 1762 -0.696429
231 1868 -0.694444
436 483 -0.694444
48 2041 -0.694444
48 1662 -0.694444
1505 1788 -0.692308
530 1505 -0.692308
1131 1215 -0.690476
95 1580 -0.690476
733 1817 -0.689655
733 2008 -0.689655
1725 2596 -0.687500
2001 2379 -0.687500
1703 1966 -0.686275
20 2269 -0.685714
110 567 -0.685714
1501 1676 -0.685714
962 1807 -0.685714
118 2165 -0.684211
733 2268 -0.683908
306 1802 -0.679487
1067 1216 -0.678571
1131 1538 -0.678571
904 1360 -0.678571
492 1533 -0.678571
1309 2178 -0.678571
39 1349 -0.678571
1178 1908 -0.678571
306 2045 -0.677083
94 2357 -0.672727
306 887 -0.671795
2227 2228 -0.666667
478 2024 -0.666667
480 1426 -0.666667
126 1623 -0.666667
1370 2485 -0.666667
423 525 -0.666667
1385 2335 -0.666667
2144 2145 -0.666667
73 876 -0.666667
1095 1325 -0.666667
119 1901 -0.666667
964 2198 -0.666667
702 993 -0.666667
2291 2292 -0.666667
231 551 -0.666667
645 1900 -0.666667
119 379 -0.666667
191 1791 -0.666667
1199 1214 -0.666667
1177 1542 -0.666667
298 607 -0.666667
349 2427 -0.666667
453 1806 -0.666667
469 620 -0.666667
714 1385 -0.666667
1330 2068 -0.666667
37 1190 -0.666667
469 2412 -0.666667
667 2364 -0.666667
984 1068 -0.666667
1403 2317 -0.666667
388 2497 -0.666667
703 2497 -0.666667
1213 1290 -0.666667
1609 1790 -0.666667
1768 2325 -0.666667
37 2427 -0.666667
87 2164 -0.666667
607 1213 -0.666667
746 2006 -0.666667
848 1373 -0.666667
984 2265 -0.666667
37 60 -0.666667
1037 2447 -0.666667
1134 2296 -0.666667
2051 2364 -0.666667
424 436 -0.666667
433 436 -0.666667
95 2201 -0.666667
1110 2025 -0.666667
1354 2270 -0.666667
242 1131 -0.666667
45 2667 -0.666667
186 1319 -0.666667
760 2459 -0.666667
1355 1957 -0.666667
1839 2424 -0.666667
1920 2310 -0.666667
1920 2653 -0.666667
2241 2242 -0.666667
634 2227 -0.666667
1634 2393 -0.666667
1839 2453 -0.666667
1957 2630 -0.666667
54 401 -0.666667
193 458 -0.666667
881 1199 -0.666667
1406 2387 -0.666667
201 598 -0.666667
306 910 -0.666667
608 1623 -0.661905
1358 1754 -0.660714
88 415 -0.654762
118 1343 -0.654135
1042 1047 -0.652174
1042 2333 -0.652174
399 2107 -0.650000
1202 1510 -0.650000
791 2034 -0.650000
146 897 -0.650000
792 1558 -0.650000
481 823 -0.650000
132 1022 -0.650000
210 1079 -0.650000
731 2199 -0.650000
1624 1778 -0.647059
880 973 -0.647059
2153 2155 -0.647059
682 973 -0.647059
1309 2102 -0.645833
1309 1338 -0.645833
1309 2103 -0.645833
995 1309 -0.645833
91 2001 -0.645833
1358 1731 -0.645238
436 1979 -0.644444
436 1980 -0.644444
350 1778 -0.642857
1256 1761 -0.642857
1848 1909 -0.642857
1501 2228 -0.642857
403 464 -0.642857
1367 1778 -0.642857
2249 2671 -0.642857
1257 2248 -0.642857
1203 1410 -0.642857
1623 1777 -0.642857
306 426 -0.641026
1118 1416 -0.638889
1889 2130 -0.638889
1804 2451 -0.636364
94 2263 -0.636364
441 1537 -0.636364
454 2022 -0.636364
433 756 -0.636364
505 1304 -0.636364
505 1180 -0.636364
505 1560 -0.636364
1505 2107 -0.634615
405 1927 -0.634615
306 1245 -0.633333
1602 2054 -0.633333
963 2401 -0.631579
375 963 -0.631579
160 277 -0.628571
911 2376 -0.628571
1701 1870 -0.628378
1317 1739 -0.626263
898 2160 -0.625000
544 2199 -0.625000
36 1146 -0.625000
1085 2394 -0.625000
1216 2446 -0.625000
1564 1772 -0.625000
281 2244 -0.625000
817 2456 -0.625000
1370 1975 -0.625000
519 1998 -0.625000
504 2394 -0.625000
429 705 -0.625000
836 1572 -0.625000
836 2078 -0.625000
1100 1701 -0.621622
547 1701 -0.621622
69 2189 -0.619048
258 1240 -0.619048
998 1284 -0.619048
1376 1848 -0.619048
1035 1486 -0.619048
885 2024 -0.619048
910 1623 -0.619048
651 1667 -0.619048
902 1358 -0.619048
1358 1568 -0.619048
963 1157 -0.618421
1964 1966 -0.616667
1120 2025 -0.616667
1859 1986 -0.615385
335 1986 -0.615385
1453 1986 -0.615385
1876 1986 -0.615385
1224 2153 -0.615385
586 2155 -0.611765
887 1624 -0.611765
88 1658 -0.611111
88 300 -0.611111
1042 1118 -0.608696
915 1740 -0.607143
542 1623 -0.607143
1358 1766 -0.607143
1358 1389 -0.607143
1624 1780 -0.602941
1358 1733 -0.601190
1402 1482 -0.600000
729 2534 -0.600000
1408 1829 -0.600000
332 665 -0.600000
627 2122 -0.600000
270 1215 -0.600000
797 800 -0.600000
800 1834 -0.600000
1618 1789 -0.600000
2095 2145 -0.600000
1050 2564 -0.600000
2114 2509 -0.600000
1012 1797 -0.600000
2186 2199 -0.600000
729 1221 -0.600000
526 1742 -0.600000
456 667 -0.600000
1046 2336 -0.600000
604 1652 -0.600000
59 1627 -0.600000
162 323 -0.600000
408 525 -0.600000
315 423 -0.600000
203 1115 -0.600000
290 328 -0.600000
1067 2448 -0.600000
448 1902 -0.600000
751 2198 -0.600000
762 2448 -0.600000
10 476 -0.600000
132 479 -0.600000
230 1217 -0.600000
356 1259 -0.600000
417 2494 -0.600000
548 1523 -0.600000
631 2358 -0.600000
1082 1534 -0.600000
1928 2475 -0.600000
1964 1965 -0.600000
2570 2573 -0.600000
344 2323 -0.600000
591 1423 -0.600000
718 2261 -0.600000
936 2641 -0.600000
1390 2681 -0.600000
2017 2467 -0.600000
2534 2535 -0.600000
47 1579 -0.600000
61 2312 -0.600000
164 211 -0.600000
166 271 -0.600000
332 2615 -0.600000
450 2538 -0.600000
470 652 -0.600000
516 1882 -0.600000
537 1698 -0.600000
605 1107 -0.600000
605 2534 -0.600000
802 1307 -0.600000
889 1831 -0.600000
895 1187 -0.600000
1151 2570 -0.600000
2211 2356 -0.600000
356 2116 -0.600000
762 859 -0.600000
922 1307 -0.600000
1221 1949 -0.600000
548 1937 -0.600000
693 2108 -0.600000
741 1088 -0.600000
1475 2469 -0.600000
1552 2591 -0.600000
1550 2083 -0.600000
315 2232 -0.600000
1605 1950 -0.600000
822 1973 -0.600000
1637 1973 -0.600000
59 615 -0.600000
159 180 -0.600000
1682 2321 -0.600000
157 598 -0.598485
963 1094 -0.596491
175 2388 -0.595238
1701 1864 -0.594595
1701 1876 -0.594595
1453 1701 -0.594595
1701 1859 -0.594595
335 1701 -0.594595
416 1701 -0.594595
109 133 -0.593750
1772 2045 -0.593750
306 608 -0.589744
1623 1782 -0.589286
1358 1714 -0.589286
1765 2492 -0.588235
310 352 -0.588235
1703 1969 -0.588235
1224 1370 -0.586538
95 456 -0.585714
239 2021 -0.584615
6 1416 -0.583333
1776 2078 -0.583333
1572 1776 -0.583333
1240 1443 -0.583333
73 1214 -0.583333
734 2277 -0.583333
357 657 -0.583333
2112 2436 -0.583333
1038 2503 -0.583333
490 1879 -0.583333
1499 1776 -0.583333
337 1776 -0.583333
622 1002 -0.583333
1470 1555 -0.583333
1268 1929 -0.583333
25 2011 -0.583333
493 1759 -0.583333
578 1974 -0.583333
763 1635 -0.583333
835 1134 -0.583333
938 2230 -0.583333
938 2027 -0.583333
1917 2457 -0.583333
80 1117 -0.583333
699 2327 -0.583333
1200 1502 -0.583333
391 493 -0.583333
1487 2137 -0.583333
279 1195 -0.583333
1503 2241 -0.583333
405 2059 -0.583333
933 1038 -0.583333
304 1857 -0.583333
1426 1751 -0.583333
409 2084 -0.583333
174 629 -0.583333
487 1773 -0.583333
279 2423 -0.583333
519 1574 -0.583333
645 1267 -0.583333
88 2015 -0.583333
814 1158 -0.583333
154 819 -0.583333
1510 2387 -0.583333
834 876 -0.583333
835 1121 -0.583333
1339 1358 -0.583333
1358 1753 -0.583333
1358 1752 -0.583333
326 1358 -0.583333
869 1701 -0.581081
955 1914 -0.580645
88 2178 -0.579365
118 446 -0.578947
1624 1787 -0.578431
507 1176 -0.577778
778 1224 -0.576923
142 1628 -0.576471
1624 1777 -0.576471
1906 1907 -0.575000
146 1907 -0.575000
2001 2003 -0.575000
1169 1731 -0.573913
391 2365 -0.571429
95 2183 -0.571429
962 1062 -0.571429
1705 2081 -0.571429
1055 1577 -0.571429
1289 1705 -0.571429
160 2000 -0.571429
1203 1215 -0.571429
1251 1623 -0.571429
894 2367 -0.571429
69 1926 -0.571429
95 2054 -0.571429
308 350 -0.571429
415 2178 -0.571429
610 826 -0.571429
651 2156 -0.571429
737 2178 -0.571429
1358 1748 -0.571429
492 2538 -0.571429
1358 1734 -0.571429
1784 2096 -0.566667
2122 2123 -0.566667
1002 1952 -0.566667
45 2668 -0.566667
1325 2063 -0.566667
327 1325 -0.566667
110 1262 -0.566667
815 2017 -0.566667
1054 1950 -0.566667
1041 2448 -0.566667
1143 1618 -0.566667
823 1169 -0.565217
1711 1765 -0.564706
22 2238 -0.563636
1103 1284 -0.563025
1856 2045 -0.562500
109 459 -0.562500
109 1779 -0.562500
887 1623 -0.561905
1623 1770 -0.559524
76 88 -0.555556
702 2069 -0.555556
702 2070 -0.555556
197 231 -0.555556
482 790 -0.555556
48 2206 -0.555556
1416 1923 -0.555556
305 1416 -0.555556
33 2121 -0.555556
88 1847 -0.555556
133 2082 -0.555556
1681 2318 -0.555556
262 1464 -0.555556
1616 2050 -0.555556
48 2471 -0.555556
1505 1552 -0.553846
1894 2117 -0.553571
53 1358 -0.553571
1358 1755 -0.553571
306 487 -0.551282
158 180 -0.550000
442 2120 -0.550000
2040 2122 -0.550000
1702 1966 -0.550000
1623 1779 -0.547619
480 2359 -0.545455
1136 2359 -0.545455
1757 2451 -0.545455
2390 2451 -0.545455
367 2451 -0.545455
306 2085 -0.543590
1097 1115 -0.542857
1501 2395 -0.542857
470 1115 -0.542857
484 2046 -0.542857
374 1101 -0.542857
428 2671 -0.542857
1735 1776 -0.541667
126 2045 -0.541667
853 1358 -0.541667
1750 1765 -0.539216
1623 1775 -0.538095
1721 2476 -0.535714
371 2375 -0.535714
915 1035 -0.535714
121 980 -0.535714
851 2018 -0.535714
452 1623 -0.535714
1343 1645 -0.535714
315 408 -0.533333
1602 2073 -0.533333
1742 2444 -0.533333
482 1807 -0.533333
1221 1607 -0.533333
437 1495 -0.533333
437 950 -0.533333
162 1174 -0.533333
180 791 -0.533333
73 558 -0.533333
1899 2491 -0.533333
875 1950 -0.533333
451 935 -0.533333
315 1921 -0.533333
476 1800 -0.533333
1652 1972 -0.533333
1928 2317 -0.533333
1773 1789 -0.533333
146 1468 -0.533333
1045 1773 -0.533333
482 1812 -0.533333
687 1710 -0.533333
231 232 -0.533333
1229 2441 -0.533333
1145 1358 -0.529762
232 1701 -0.529730
823 1765 -0.529412
111 1169 -0.528986
88 1174 -0.527778
118 2030 -0.526316
300 415 -0.523810
415 1843 -0.523810
415 1644 -0.523810
1740 2392 -0.523810
796 1317 -0.522727
1042 2052 -0.521739
1042 2055 -0.521739
1742 1749 -0.516667
598 1864 -0.515152
138 306 -0.512821
306 542 -0.512821
306 2046 -0.512821
126 306 -0.512821
456 2054 -0.511111
95 2181 -0.505952
481 1287 -0.500000
775 2075 -0.500000
964 965 -0.500000
1160 2268 -0.500000
1664 2147 -0.500000
2024 2156 -0.500000
1072 1802 -0.500000
408 734 -0.500000
417 1871 -0.500000
743 745 -0.500000
348 2250 -0.500000
1713 1898 -0.500000
246 1687 -0.500000
411 1488 -0.500000
945 1512 -0.500000
372 626 -0.500000
2075 2091 -0.500000
440 1296 -0.500000
965 2197 -0.500000
1461 1634 -0.500000
551 2388 -0.500000
49 1666 -0.500000
82 1634 -0.500000
531 606 -0.500000
456 2199 -0.500000
1557 2168 -0.500000
1089 2086 -0.500000
151 2236 -0.500000
1214 1745 -0.500000
1502 1503 -0.500000
1784 2045 -0.500000
1366 2248 -0.500000
972 1000 -0.500000
32 1850 -0.500000
666 1850 -0.500000
338 1542 -0.500000
264 1826 -0.500000
526 1216 -0.500000
805 2236 -0.500000
1121 2136 -0.500000
1050 1380 -0.500000
1257 2538 -0.500000
905 1282 -0.500000
1204 1838 -0.500000
1089 1552 -0.500000
487 1798 -0.500000
25 1344 -0.500000
544 2052 -0.500000
1135 2671 -0.500000
1671 1929 -0.500000
1072 1804 -0.500000
129 701 -0.500000
320 348 -0.500000
1088 1089 -0.500000
2242 2539 -0.500000
2452 2685 -0.500000
79 2097 -0.500000
866 1049 -0.500000
952 2546 -0.500000
1162 1510 -0.500000
1430 1718 -0.500000
1465 1488 -0.500000
2494 2495 -0.500000
397 879 -0.500000
449 1280 -0.500000
169 2706 -0.500000
314 2000 -0.500000
716 2409 -0.500000
849 1993 -0.500000
855 2493 -0.500000
1083 1232 -0.500000
1136 2554 -0.500000
1146 1506 -0.500000
1270 1622 -0.500000
1465 1799 -0.500000
2100 2101 -0.500000
2344 2475 -0.500000
449 2581 -0.500000
622 886 -0.500000
643 1167 -0.500000
826 2528 -0.500000
1152 2416 -0.500000
1218 2116 -0.500000
1444 2323 -0.500000
1474 2261 -0.500000
54 767 -0.500000
83 1520 -0.500000
285 1999 -0.500000
398 2177 -0.500000
479 1880 -0.500000
569 1759 -0.500000
803 2100 -0.500000
818 1999 -0.500000
1184 2100 -0.500000
1226 2528 -0.500000
1333 2312 -0.500000
1427 2446 -0.500000
1351 1362 -0.500000
2115 2117 -0.500000
1269 1314 -0.500000
386 2117 -0.500000
868 2276 -0.500000
1955 2235 -0.500000
868 1844 -0.500000
2160 2161 -0.500000
566 1907 -0.500000
673 1907 -0.500000
16 970 -0.500000
1608 2126 -0.500000
36 1640 -0.500000
897 1152 -0.500000
1110 2295 -0.500000
1856 2096 -0.500000
55 1156 -0.500000
839 965 -0.500000
452 1258 -0.500000
177 726 -0.500000
59 105 -0.500000
724 2394 -0.500000
1740 1804 -0.500000
65 771 -0.500000
65 1156 -0.500000
808 2383 -0.500000
196 442 -0.500000
1708 1857 -0.500000
467 1708 -0.500000
1737 1888 -0.500000
1257 2677 -0.500000
73 1751 -0.500000
743 1570 -0.500000
277 553 -0.500000
779 1592 -0.500000
1535 1916 -0.500000
726 2671 -0.500000
426 1789 -0.500000
1396 2109 -0.500000
438 787 -0.500000
438 1667 -0.500000
860 1758 -0.500000
210 1614 -0.500000
59 2651 -0.500000
1483 1726 -0.500000
834 2168 -0.500000
89 884 -0.500000
89 1087 -0.500000
100 1602 -0.500000
210 1905 -0.500000
367 2083 -0.500000
598 766 -0.496970
524 1169 -0.495652
43 963 -0.491228
797 2359 -0.490909
1703 1970 -0.490196
310 1241 -0.490196
109 1787 -0.489583
552 1169 -0.489130
133 1670 -0.488889
112 1623 -0.488095
306 1771 -0.487179
306 656 -0.487179
306 1584 -0.487179
306 1656 -0.487179
650 2083 -0.485714
524 2476 -0.485714
2392 2451 -0.484848
519 1670 -0.483333
118 2112 -0.482456
1309 2015 -0.479167
1035 1833 -0.476190
1610 2556 -0.476190
1610 2558 -0.476190
638 893 -0.476190
651 2024 -0.476190
95 2074 -0.476190
223 1761 -0.476190
1358 1471 -0.476190
999 1358 -0.476190
346 1358 -0.476190
1358 1646 -0.476190
2172 2182 -0.473684
118 255 -0.473684
1421 2394 -0.473214
706 2238 -0.472727
687 2359 -0.472727
409 1681 -0.472222
589 1158 -0.472222
1624 1779 -0.470588
1628 2172 -0.470588
1628 2053 -0.470588
1358 1384 -0.470238
109 563 -0.468750
2045 2047 -0.468750
109 2045 -0.468750
109 1346 -0.468750
109 1337 -0.468750
109 318 -0.468750
901 2199 -0.466667
480 687 -0.466667
525 2172 -0.466667
2034 2039 -0.466667
687 1586 -0.466667
687 1033 -0.466667
1176 1542 -0.466667
350 1782 -0.464286
1305 1358 -0.464286
613 1358 -0.464286
1358 1730 -0.464286
706 963 -0.463158
236 2045 -0.463068
1119 1663 -0.461538
306 655 -0.461538
306 2089 -0.461538
1282 1776 -0.458333
544 1580 -0.458333
1586 2168 -0.458333
1033 2168 -0.458333
868 1341 -0.458333
236 306 -0.458042
2045 2046 -0.456250
796 1103 -0.455882
306 1798 -0.455128
1189 2359 -0.454545
364 732 -0.454545
306 350 -0.454212
401 1065 -0.452381
556 1623 -0.452381
2139 2140 -0.450000
584 2464 -0.450000
297 899 -0.450000
788 2033 -0.450000
1568 1729 -0.450000
434 1117 -0.450000
1724 2215 -0.450000
1279 2203 -0.450000
731 2203 -0.450000
1229 2439 -0.450000
1742 2445 -0.450000
647 1360 -0.450000
1012 1336 -0.450000
405 738 -0.450000
800 889 -0.450000
985 1149 -0.450000
243 473 -0.450000
153 306 -0.448718
306 2048 -0.448718
1248 2045 -0.447917
1623 1772 -0.446429
205 1701 -0.445946
1701 1866 -0.445946
1701 1863 -0.445946
532 1701 -0.445946
1709 1739 -0.444444
88 1677 -0.444444
833 1641 -0.444444
490 1981 -0.444444
616 1739 -0.444444
48 1031 -0.444444
48 2205 -0.444444
867 1252 -0.444444
89 258 -0.442857
251 1542 -0.442857
1224 2154 -0.442308
1891 2034 -0.441667
1623 1780 -0.440476
306 1772 -0.439103
1986 1989 -0.438462
870 1119 -0.435897
306 1193 -0.435897
306 2088 -0.435897
180 775 -0.433333
1542 1941 -0.433333
2095 2329 -0.433333
1912 2102 -0.433333
1912 2103 -0.433333
995 1912 -0.433333
1338 1912 -0.433333
1301 2140 -0.433333
748 1568 -0.431818
1154 1714 -0.431818
1144 1623 -0.428571
1486 1745 -0.428571
1740 2390 -0.428571
1421 1975 -0.428571
24 201 -0.428571
403 2654 -0.428571
368 1194 -0.428571
567 1513 -0.428571
403 1037 -0.428571
61 1080 -0.428571
738 1080 -0.428571
1135 2248 -0.428571
1724 2216 -0.428571
1405 1894 -0.428571
229 1894 -0.428571
1417 2350 -0.428571
737 1630 -0.428571
529 1417 -0.428571
1074 1501 -0.428571
603 1248 -0.428571
1417 2260 -0.428571
831 1733 -0.428571
603 795 -0.428571
972 2247 -0.428571
384 1623 -0.428571
306 1805 -0.428205
456 544 -0.425000
36 1552 -0.425000
306 1551 -0.423077
1358 1480 -0.422619
72 1358 -0.422619
1358 1760 -0.422619
1238 1358 -0.422619
1123 1358 -0.422619
963 1443 -0.421053
1440 1701 -0.418919
109 1805 -0.418750
979 1503 -0.416667
73 1136 -0.416667
606 2360 -0.416667
27 606 -0.416667
244 565 -0.416667
1121 1655 -0.416667
138 1776 -0.416667
609 1041 -0.416667
41 644 -0.416667
791 2130 -0.416667
513 565 -0.416667
1301 1316 -0.416667
472 2029 -0.416667
104 401 -0.416667
814 893 -0.416667
798 1795 -0.416667
487 2080 -0.416667
657 2522 -0.416667
242 279 -0.416667
734 1006 -0.416667
306 1782 -0.416667
1443 2240 -0.410714
1358 1562 -0.410714
501 1358 -0.410714
1358 1492 -0.410714
1358 1744 -0.410714
306 1775 -0.410256
306 958 -0.410256
1810 1822 -0.409091
1810 1811 -0.409091
1576 1810 -0.409091
525 1628 -0.407843
1852 2045 -0.406250
109 1772 -0.406250
1042 2073 -0.405797
373 1042 -0.405797
377 733 -0.405172
1623 1783 -0.404762
1623 1767 -0.404762
36 1505 -0.403846
1334 1941 -0.400000
142 2181 -0.400000
970 2365 -0.400000
81 2180 -0.400000
372 1710 -0.400000
364 970 -0.400000
736 1841 -0.400000
1546 1804 -0.400000
1717 1731 -0.400000
1365 2509 -0.400000
573 643 -0.400000
89 1530 -0.400000
386 2114 -0.400000
271 2498 -0.400000
842 2016 -0.400000
6 1602 -0.400000
142 456 -0.400000
1952 2204 -0.400000
303 1670 -0.400000
514 1978 -0.400000
604 1351 -0.400000
102 1448 -0.400000
573 1313 -0.400000
271 2387 -0.400000
1012 1682 -0.400000
558 876 -0.400000
1738 2366 -0.400000
108 2157 -0.400000
955 1482 -0.400000
89 1401 -0.400000
728 2553 -0.400000
736 1631 -0.400000
262 1351 -0.400000
228 848 -0.400000
243 2648 -0.400000
848 985 -0.400000
18 1560 -0.400000
211 1394 -0.400000
67 540 -0.400000
316 1868 -0.400000
43 1653 -0.400000
1815 1950 -0.400000
1948 1950 -0.400000
332 2003 -0.400000
456 2347 -0.400000
722 2501 -0.400000
1408 1826 -0.400000
1087 2434 -0.400000
142 2049 -0.400000
185 2003 -0.400000
1566 1895 -0.400000
2220 2525 -0.400000
2243 2244 -0.400000
1359 2480 -0.400000
1120 1583 -0.400000
844 1902 -0.400000
139 1623 -0.398810
1224 1291 -0.397436
1224 1660 -0.397436
598 1875 -0.393939
598 1297 -0.393939
598 845 -0.393939
598 1299 -0.393939
748 1550 -0.393939
1154 1715 -0.393939
73 1745 -0.392857
255 1343 -0.392857
350 2090 -0.392857
306 1770 -0.391026
310 875 -0.388235
511 1810 -0.386364
1505 2086 -0.384615
305 1927 -0.384615
1923 1927 -0.384615
1561 1623 -0.380952
350 2084 -0.380952
1169 1714 -0.380435
1169 1734 -0.380435
2446 2448 -0.375000
105 1721 -0.375000
36 2094 -0.375000
1824 1825 -0.375000
1826 1827 -0.375000
1725 2597 -0.375000
2181 2202 -0.375000
1867 2117 -0.375000
868 2099 -0.375000
2034 2042 -0.375000
609 2447 -0.375000
1022 1276 -0.375000
1267 1824 -0.375000
2446 2447 -0.375000
1191 1558 -0.375000
2159 2160 -0.375000
103 139 -0.375000
102 1878 -0.375000
1235 2126 -0.375000
109 426 -0.375000
2001 2123 -0.375000
1558 2338 -0.375000
1179 1955 -0.375000
100 2056 -0.375000
1103 1888 -0.372549
1526 2425 -0.371429
1530 2240 -0.371429
302 350 -0.371429
415 1677 -0.371429
1914 1918 -0.370968
415 851 -0.369048
1131 2185 -0.369048
1131 1500 -0.369048
1131 1133 -0.369048
29 963 -0.368421
736 1006 -0.366667
1702 1970 -0.366667
823 2221 -0.366667
783 893 -0.366667
2199 2201 -0.366667
505 1251 -0.363636
1810 1814 -0.363636
733 2301 -0.362069
1054 1577 -0.357143
368 2249 -0.357143
153 1623 -0.357143
660 1623 -0.357143
2248 2249 -0.357143
733 1265 -0.356322
867 1229 -0.355556
33 2120 -0.355556
112 306 -0.352564
264 1902 -0.350000
788 2041 -0.350000
366 1583 -0.350000
1127 1583 -0.350000
1583 1995 -0.350000
6 1042 -0.347826
603 1821 -0.342857
1677 1908 -0.342857
1334 1577 -0.342857
201 297 -0.342857
4 1761 -0.342857
1761 2175 -0.342857
904 1959 -0.342857
364 2642 -0.340909
303 719 -0.333333
2444 2503 -0.333333
893 1051 -0.333333
1542 1936 -0.333333
93 1495 -0.333333
93 950 -0.333333
1464 1683 -0.333333
347 525 -0.333333
1410 1655 -0.333333
1490 2327 -0.333333
1435 2059 -0.333333
1975 2109 -0.333333
735 1958 -0.333333
309 2305 -0.333333
1278 2268 -0.333333
1332 2024 -0.333333
73 797 -0.333333
416 519 -0.333333
533 1742 -0.333333
1121 1410 -0.333333
103 484 -0.333333
1395 2266 -0.333333
128 392 -0.333333
128 2270 -0.333333
352 1294 -0.333333
40 866 -0.333333
42 87 -0.333333
147 1976 -0.333333
274 749 -0.333333
325 787 -0.333333
439 1642 -0.333333
450 1569 -0.333333
597 1104 -0.333333
618 938 -0.333333
649 1457 -0.333333
694 1478 -0.333333
942 1924 -0.333333
1082 2386 -0.333333
1184 1190 -0.333333
1192 1621 -0.333333
1200 2414 -0.333333
1225 1450 -0.333333
1225 2579 -0.333333
1322 2265 -0.333333
1324 2035 -0.333333
1362 1372 -0.333333
1522 2680 -0.333333
1678 1746 -0.333333
1991 2325 -0.333333
2303 2541 -0.333333
2413 2414 -0.333333
2516 2517 -0.333333
1 652 -0.333333
190 2135 -0.333333
267 670 -0.333333
300 634 -0.333333
354 2453 -0.333333
637 1641 -0.333333
784 960 -0.333333
894 1845 -0.333333
1532 2648 -0.333333
1684 2486 -0.333333
285 502 -0.333333
331 2480 -0.333333
535 2392 -0.333333
543 984 -0.333333
694 2516 -0.333333
1166 2582 -0.333333
1324 2265 -0.333333
1347 1997 -0.333333
596 644 -0.333333
598 1870 -0.333333
298 1325 -0.333333
1884 1885 -0.333333
45 2303 -0.333333
298 1095 -0.333333
667 2472 -0.333333
760 1513 -0.333333
257 964 -0.333333
257 1388 -0.333333
640 894 -0.333333
502 1976 -0.333333
1394 2137 -0.333333
839 2277 -0.333333
1194 2670 -0.333333
1997 2412 -0.333333
197 2412 -0.333333
220 376 -0.333333
579 1134 -0.333333
579 1808 -0.333333
815 1174 -0.333333
464 1758 -0.333333
760 2460 -0.333333
1920 2422 -0.333333
581 1792 -0.333333
847 2189 -0.333333
1599 2460 -0.333333
1792 2485 -0.333333
2050 2485 -0.333333
773 1072 -0.333333
480 1710 -0.333333
1229 1627 -0.333333
1241 1950 -0.333333
279 838 -0.333333
1335 1856 -0.333333
146 2059 -0.333333
1185 2590 -0.333333
33 2040 -0.333333
732 1756 -0.333333
1158 2382 -0.333333
1234 1966 -0.333333
1240 2237 -0.333333
2207 2241 -0.333333
979 2207 -0.333333
837 2670 -0.333333
1200 2207 -0.333333
921 2293 -0.333333
1639 1688 -0.333333
119 1549 -0.333333
458 1953 -0.333333
828 1795 -0.333333
1470 1953 -0.333333
1630 2227 -0.333333
2285 2286 -0.333333
593 1474 -0.333333
994 1329 -0.333333
994 1219 -0.333333
438 1985 -0.333333
311 1865 -0.333333
451 671 -0.333333
1086 2579 -0.333333
1138 2250 -0.333333
1669 1892 -0.333333
972 2579 -0.333333
25 2317 -0.333333
1889 2039 -0.333333
833 2495 -0.333333
702 1637 -0.333333
702 822 -0.333333
1139 2182 -0.328947
188 1169 -0.326087
1841 2056 -0.325000
691 2034 -0.325000
1443 2399 -0.325000
789 1703 -0.323529
1169 2492 -0.321739
616 2365 -0.321429
1257 2671 -0.321429
701 739 -0.321429
1306 1317 -0.318182
1483 1735 -0.318182
689 1169 -0.313043
851 1309 -0.312500
1725 2334 -0.312500
2394 2395 -0.312500
1012 1681 -0.311111
133 1777 -0.311111
69 1920 -0.309524
175 596 -0.309524
350 1640 -0.309524
756 1692 -0.301435
963 2240 -0.300752
196 2122 -0.300000
43 1530 -0.300000
65 1293 -0.300000
350 1775 -0.300000
1826 1829 -0.300000
444 2290 -0.300000
608 2080 -0.300000
689 1721 -0.300000
120 1842 -0.300000
1351 2134 -0.300000
1542 1943 -0.300000
426 1777 -0.300000
2382 2383 -0.300000
1300 1542 -0.300000
875 1945 -0.300000
1692 2346 -0.298246
2391 2451 -0.295455
1139 1628 -0.294118
678 733 -0.293103
1388 2181 -0.291667
329 1798 -0.291667
870 2126 -0.291667
1712 1725 -0.291667
442 1051 -0.291667
118 2166 -0.289474
118 1029 -0.289474
424 1203 -0.285714
121 1158 -0.285714
650 1557 -0.285714
708 2216 -0.285714
1428 1534 -0.285714
1266 1529 -0.285714
962 1806 -0.285714
1926 2051 -0.285714
878 885 -0.285714
885 1039 -0.285714
1428 2520 -0.285714
1061 2376 -0.285714
1205 1761 -0.285714
114 610 -0.285714
160 743 -0.285714
1185 2349 -0.285714
2214 2216 -0.285714
95 2200 -0.285714
1271 2367 -0.285714
864 1065 -0.285714
76 2018 -0.285714
603 716 -0.285714
638 808 -0.285714
2247 2543 -0.285714
1619 2269 -0.285714
1529 1984 -0.285714
1526 1977 -0.285714
1413 1935 -0.284211
301 1169 -0.282609
1025 1042 -0.282609
1739 1750 -0.277778
254 507 -0.277778
1416 1922 -0.277778
507 1211 -0.277778
1441 2275 -0.275362
1128 1441 -0.275362
36 1781 -0.275000
963 2434 -0.273684
1317 2221 -0.272727
94 2355 -0.272727
1483 2113 -0.272727
94 675 -0.272727
94 934 -0.272727
22 1703 -0.270588
1224 1587 -0.269231
525 2180 -0.266667
1340 1542 -0.266667
871 1229 -0.266667
402 1542 -0.266667
1579 2029 -0.266667
1679 2140 -0.266667
1542 1935 -0.266667
871 2530 -0.266667
142 525 -0.266667
2442 2530 -0.266667
1250 2507 -0.266667
1103 1886 -0.264706
1103 1887 -0.264706
203 854 -0.257143
563 2045 -0.256250
310 1948 -0.254902
1007 2466 -0.250000
609 2446 -0.250000
264 472 -0.250000
258 2645 -0.250000
1726 2168 -0.250000
2055 2198 -0.250000
1749 2446 -0.250000
303 2143 -0.250000
181 1683 -0.250000
1818 2305 -0.250000
20 2375 -0.250000
304 2423 -0.250000
1157 2463 -0.250000
1987 2004 -0.250000
708 2212 -0.250000
1824 1826 -0.250000
153 2045 -0.250000
957 1557 -0.250000
1683 2132 -0.250000
435 486 -0.250000
1782 1798 -0.250000
279 2280 -0.250000
577 849 -0.250000
518 2423 -0.250000
484 542 -0.250000
2243 2246 -0.250000
584 2463 -0.250000
2181 2196 -0.250000
761 1443 -0.250000
472 1825 -0.250000
230 549 -0.250000
1926 2052 -0.250000
622 1952 -0.250000
255 2112 -0.250000
621 1332 -0.250000
2115 2519 -0.250000
2074 2277 -0.250000
448 472 -0.250000
2026 2096 -0.250000
767 873 -0.250000
657 1254 -0.250000
544 2347 -0.250000
2086 2094 -0.250000
472 844 -0.250000
88 851 -0.250000
181 1359 -0.250000
1178 1984 -0.250000
860 1427 -0.250000
580 744 -0.250000
1094 1443 -0.250000
43 152 -0.250000
1508 2117 -0.250000
2117 2118 -0.250000
2074 2181 -0.250000
159 2308 -0.250000
531 2308 -0.250000
1289 1622 -0.250000
549 1497 -0.250000
899 1055 -0.250000
1295 1987 -0.250000
2266 2321 -0.250000
2398 2493 -0.250000
46 1604 -0.250000
275 805 -0.250000
1662 2398 -0.250000
2343 2344 -0.250000
2457 2649 -0.250000
1142 2326 -0.250000
304 1172 -0.250000
1661 1851 -0.250000
734 751 -0.250000
458 1555 -0.250000
444 488 -0.250000
1197 1998 -0.250000
360 1824 -0.250000
676 1955 -0.250000
1349 1634 -0.250000
1054 1432 -0.250000
1309 1677 -0.250000
270 279 -0.250000
97 661 -0.250000
429 2044 -0.250000
661 1353 -0.250000
2001 2044 -0.250000
734 964 -0.250000
407 409 -0.250000
989 2436 -0.250000
764 796 -0.250000
1365 2519 -0.250000
347 408 -0.250000
154 1568 -0.250000
1558 2339 -0.250000
1042 1517 -0.239130
175 955 -0.238095
757 1284 -0.238095
2367 2370 -0.238095
1343 2165 -0.238095
962 1808 -0.238095
1413 1934 -0.236842
963 2400 -0.236842
1340 1413 -0.236842
236 2046 -0.236364
1103 1748 -0.235294
65 2418 -0.233333
1183 1579 -0.233333
1015 1618 -0.230769
2001 2380 -0.229167
2001 2002 -0.229167
2394 2396 -0.229167
1469 2358 -0.228571
133 1784 -0.222222
447 1616 -0.222222
463 1703 -0.220588
1337 2045 -0.218750
318 2045 -0.218750
1542 1940 -0.216667
421 2216 -0.214286
2249 2518 -0.214286
484 2081 -0.214286
1071 2248 -0.214286
1257 2518 -0.214286
1093 2367 -0.214286
1623 1771 -0.214286
223 1154 -0.212121
1119 1235 -0.211538
408 2056 -0.208333
580 2444 -0.208333
541 1360 -0.208333
280 2155 -0.205882
317 1624 -0.205882
732 2685 -0.200000
1818 2306 -0.200000
1007 1742 -0.200000
1229 2442 -0.200000
341 1546 -0.200000
456 1580 -0.200000
246 936 -0.200000
308 1670 -0.200000
706 805 -0.200000
14 158 -0.200000
1481 1669 -0.200000
766 1868 -0.200000
30 738 -0.200000
1996 2063 -0.200000
185 297 -0.200000
18 2082 -0.200000
761 1401 -0.200000
752 2083 -0.200000
893 911 -0.200000
1409 1826 -0.200000
907 1351 -0.200000
647 904 -0.200000
407 1682 -0.200000
2399 2434 -0.200000
741 831 -0.200000
1229 1308 -0.200000
1842 1979 -0.200000
591 2472 -0.200000
20 2270 -0.200000
408 1841 -0.200000
541 647 -0.200000
1902 1904 -0.200000
1408 1828 -0.200000
537 2192 -0.200000
14 2668 -0.200000
558 1189 -0.200000
61 2162 -0.200000
2356 2357 -0.200000
1163 1402 -0.200000
2338 2555 -0.200000
437 1985 -0.200000
981 1221 -0.200000
1367 1584 -0.200000
1367 1656 -0.200000
302 719 -0.200000
1313 2407 -0.200000
148 381 -0.200000
1377 2069 -0.200000
1429 1534 -0.200000
1377 2070 -0.200000
893 2383 -0.200000
440 895 -0.200000
249 1978 -0.200000
1368 2553 -0.200000
1159 2534 -0.200000
809 2229 -0.200000
478 514 -0.200000
243 2647 -0.200000
1386 2570 -0.200000
180 2037 -0.200000
310 1815 -0.196078
133 452 -0.194444
701 735 -0.194444
88 1288 -0.194444
877 1413 -0.192982
1413 1932 -0.192982
1343 1507 -0.190476
368 996 -0.190476
415 1847 -0.190476
1040 1169 -0.184783
1169 1719 -0.184783
1169 1720 -0.184783
118 1690 -0.184211
364 1606 -0.181818
2237 2238 -0.181818
1608 2124 -0.178571
1157 2240 -0.178571
1498 2349 -0.178571
2212 2216 -0.178571
1740 2391 -0.178571
384 1624 -0.176471
1616 1849 -0.174603
350 2085 -0.171429
1620 2450 -0.166667
958 1072 -0.166667
1787 2143 -0.166667
2269 2270 -0.166667
580 1758 -0.166667
657 2442 -0.166667
51 2215 -0.166667
1779 2318 -0.166667
30 2343 -0.166667
91 330 -0.166667
352 1944 -0.166667
330 2123 -0.166667
530 2094 -0.166667
1396 1421 -0.166667
379 904 -0.166667
948 1681 -0.166667
1316 1679 -0.166667
901 2073 -0.166667
1054 1099 -0.166667
2671 2675 -0.166667
2671 2674 -0.166667
2439 2530 -0.166667
392 720 -0.166667
911 1051 -0.166667
1671 1968 -0.166667
1520 1750 -0.166667
51 2214 -0.166667
1599 2441 -0.166667
1795 2299 -0.166667
1901 2284 -0.166667
125 458 -0.166667
1106 1874 -0.166667
1199 1716 -0.166667
2440 2530 -0.166667
1229 1384 -0.166667
139 910 -0.166667
924 2383 -0.166667
1874 2501 -0.166667
1017 2472 -0.166667
1041 1243 -0.166667
2147 2486 -0.166667
1010 1966 -0.166667
11 1655 -0.166667
55 2020 -0.166667
877 1542 -0.166667
353 2507 -0.166667
457 1201 -0.166667
1293 2418 -0.166667
99 2604 -0.166667
453 2305 -0.166667
564 1262 -0.166667
1317 2220 -0.163636
1719 1765 -0.161765
1040 1765 -0.161765
1720 1765 -0.161765
853 1169 -0.159420
590 1441 -0.152174
547 598 -0.151515
598 1100 -0.151515
657 1229 -0.150000
1777 2143 -0.150000
553 1583 -0.150000
2045 2048 -0.145833
1651 2045 -0.145833
1545 2248 -0.142857
831 2093 -0.142857
370 2269 -0.142857
541 904 -0.142857
244 1610 -0.142857
1071 2671 -0.142857
69 604 -0.142857
1428 2336 -0.142857
402 507 -0.142857
1135 2518 -0.142857
1463 2133 -0.142857
1463 2131 -0.142857
846 2146 -0.142857
1420 1421 -0.142857
739 1958 -0.142857
1975 2110 -0.142857
374 2146 -0.142857
2367 2368 -0.142857
2367 2369 -0.142857
371 1415 -0.142857
441 1455 -0.136364
1154 2514 -0.136364
454 2190 -0.136364
70 441 -0.136364
94 2490 -0.136364
441 2184 -0.136364
1119 1462 -0.134615
736 964 -0.133333
2003 2123 -0.133333
1229 2440 -0.133333
14 2077 -0.133333
580 1742 -0.133333
872 1542 -0.133333
1341 2425 -0.133333
734 1841 -0.133333
695 1682 -0.133333
901 2186 -0.133333
33 698 -0.133333
584 623 -0.133333
574 576 -0.133333
576 2348 -0.133333
503 576 -0.133333
1396 2394 -0.125000
2157 2160 -0.125000
1735 2324 -0.125000
1712 2446 -0.125000
580 2445 -0.125000
1360 2491 -0.125000
1257 2249 -0.125000
448 1824 -0.125000
139 1780 -0.125000
1443 2645 -0.125000
807 1955 -0.125000
1226 1955 -0.125000
1725 1734 -0.125000
1413 1542 -0.124561
507 1941 -0.122222
359 1483 -0.121212
263 364 -0.121212
640 1090 -0.119048
392 2269 -0.119048
1692 2187 -0.118421
1145 1169 -0.115942
240 1692 -0.115789
512 1692 -0.115789
172 1692 -0.115789
1472 1692 -0.115789
1015 2262 -0.115385
773 1505 -0.115385
1148 1317 -0.113636
1628 2054 -0.111111
525 2054 -0.111111
33 1051 -0.111111
850 1464 -0.111111
712 1464 -0.111111
179 231 -0.111111
377 2291 -0.111111
867 2522 -0.111111
507 2508 -0.111111
88 2014 -0.111111
1109 2671 -0.107143
1420 2394 -0.104167
736 751 -0.100000
1245 2080 -0.100000
2290 2464 -0.100000
14 2075 -0.100000
128 370 -0.100000
814 2383 -0.100000
788 1952 -0.100000
812 1542 -0.100000
336 1950 -0.100000
1031 1952 -0.100000
1952 2205 -0.100000
2121 2122 -0.100000
957 2083 -0.100000
556 1805 -0.100000
776 1542 -0.100000
420 1869 -0.100000
1050 1230 -0.100000
199 1869 -0.100000
205 1869 -0.100000
1050 2563 -0.100000
1050 1081 -0.100000
1050 1342 -0.100000
103 608 -0.100000
89 1157 -0.100000
53 1103 -0.098039
1755 1765 -0.098039
996 2248 -0.095238
109 153 -0.093750
364 1632 -0.090909
143 598 -0.090909
689 1317 -0.090909
1738 2365 -0.085714
1139 2054 -0.083333
357 2652 -0.083333
2181 2197 -0.083333
734 1388 -0.083333
735 1543 -0.083333
426 487 -0.083333
1756 2642 -0.083333
1776 2324 -0.083333
1214 1716 -0.083333
1283 1776 -0.083333
137 2329 -0.083333
337 1214 -0.083333
1214 1499 -0.083333
626 2558 -0.083333
764 1606 -0.083333
626 2556 -0.083333
1773 1780 -0.083333
2445 2503 -0.083333
170 1067 -0.071429
492 956 -0.071429
1611 2124 -0.071429
2671 2673 -0.071429
770 1894 -0.071429
872 1413 -0.070175
338 1413 -0.070175
1077 1483 -0.068182
905 1483 -0.068182
507 1936 -0.066667
687 2372 -0.066667
130 2017 -0.066667
888 1475 -0.066667
783 1061 -0.066667
2157 2159 -0.066667
591 1017 -0.066667
1092 2501 -0.066667
741 2093 -0.066667
1266 1984 -0.066667
1524 1693 -0.066667
89 1094 -0.066667
910 2085 -0.066667
525 2183 -0.066667
143 316 -0.066667
453 2306 -0.066667
724 2395 -0.066667
513 1528 -0.066667
688 1257 -0.062500
428 1257 -0.062500
492 1257 -0.062500
368 428 -0.057143
484 1775 -0.057143
783 2376 -0.057143
854 1097 -0.057143
1185 2358 -0.057143
470 854 -0.057143
428 2248 -0.057143
389 1483 -0.056818
695 948 -0.055556
877 1300 -0.055556
1739 1886 -0.055556
102 1251 -0.050000
1781 2107 -0.050000
2114 2519 -0.050000
1279 2186 -0.050000
463 1964 -0.050000
1482 2132 -0.050000
1911 2553 -0.050000
463 1702 -0.050000
442 698 -0.050000
266 809 -0.050000
540 747 -0.050000
1046 1510 -0.050000
2099 2425 -0.050000
202 1250 -0.050000
2103 2385 -0.047619
1338 2385 -0.047619
2102 2385 -0.047619
995 2385 -0.047619
996 2518 -0.047619
402 1413 -0.045113
487 1772 -0.041667
239 619 -0.038462
1015 1425 -0.038462
1119 2128 -0.038462
457 2216 -0.035714
1469 1498 -0.035714
2124 2127 -0.035714
1533 2671 -0.035714
121 589 -0.035714
371 1414 -0.035714
1284 1604 -0.035714
24 2141 -0.035714
104 1065 -0.035714
15 2367 -0.035714
30 2162 -0.033333
1944 1950 -0.033333
1396 1399 -0.033333
2021 2418 -0.033333
863 1160 -0.033333
1542 1931 -0.033333
219 1542 -0.033333
1742 1758 -0.033333
173 687 -0.033333
236 2079 -0.030303
153 236 -0.030303
742 1483 -0.030303
310 1944 -0.029412
1628 2057 -0.029412
1119 1273 -0.028846
2518 2538 -0.028571
867 2439 -0.027778
1413 1933 -0.026316
969 1735 -0.025000
1412 1735 -0.025000
765 2367 -0.023810
395 2367 -0.023810
1508 1894 -0.023810
1894 2118 -0.023810
236 2078 -0.022727
236 1572 -0.022727
562 1483 -0.022727
963 2399 -0.010526
310 1945 -0.009804
990 1054 -0.000000
76 2178 -0.000000
936 2515 -0.000000
434 1693 -0.000000
89 1653 -0.000000
873 1479 -0.000000
261 873 -0.000000
268 1740 -0.000000
1740 2389 -0.000000
793 1896 -0.000000
1110 1120 -0.000000
1090 1147 -0.000000
1969 2238 -0.000000
957 1757 -0.000000
515 623 -0.000000
562 1735 -0.000000
51 457 -0.000000
1833 1834 -0.000000
140 623 -0.000000
1009 2096 -0.000000
448 1826 -0.000000
621 1978 -0.000000
2040 2120 -0.000000
657 871 -0.000000
258 1094 -0.000000
1711 1731 -0.000000
360 1409 -0.000000
515 2547 -0.000000
442 588 -0.000000
2031 2436 -0.000000
405 1275 -0.000000
2471 2493 -0.000000
152 884 -0.000000
899 1858 -0.000000
996 1257 -0.000000
1751 2596 -0.000000
623 2464 -0.000000
709 1903 -0.000000
1897 1903 -0.000000
443 1531 -0.000000
1312 1313 -0.000000
768 1724 -0.000000
468 1313 -0.000000
768 1723 -0.000000
915 2597 -0.000000
1389 2597 -0.000000
1666 2381 -0.000000
446 1507 -0.000000
526 1007 -0.000000
1794 1795 -0.000000
447 1849 -0.000000
2030 2112 -0.000000
1625 1729 -0.000000
113 540 -0.000000
466 970 -0.000000
466 1738 -0.000000
36 2107 -0.000000
16 2642 -0.000000
1966 1971 -0.000000
33 588 -0.000000
1054 1605 -0.000000
1080 2162 -0.000000
710 2212 -0.000000
132 904 -0.000000
706 1240 -0.000000
989 1645 -0.000000
1890 2130 -0.000000
684 1282 -0.000000
1359 1464 -0.000000
1282 1735 -0.000000
21 1043 -0.000000
83 2581 -0.000000
365 2469 -0.000000
432 1597 -0.000000
624 1232 -0.000000
886 1400 -0.000000
1141 2294 -0.000000
1424 1621 -0.000000
1459 2218 -0.000000
21 2310 -0.000000
42 1372 -0.000000
245 1162 -0.000000
320 1597 -0.000000
396 1988 -0.000000
396 1217 -0.000000
432 1442 -0.000000
517 2105 -0.000000
535 2641 -0.000000
560 2526 -0.000000
781 2402 -0.000000
811 900 -0.000000
840 2481 -0.000000
881 1155 -0.000000
922 1406 -0.000000
1186 2535 -0.000000
1357 2170 -0.000000
1400 2698 -0.000000
1424 1813 -0.000000
1516 2612 -0.000000
1573 2698 -0.000000
1877 2573 -0.000000
2459 2689 -0.000000
2554 2689 -0.000000
169 1994 -0.000000
195 2424 -0.000000
234 2591 -0.000000
445 1434 -0.000000
517 952 -0.000000
811 855 -0.000000
856 1390 -0.000000
920 1893 -0.000000
1280 2612 -0.000000
2402 2403 -0.000000
2594 2680 -0.000000
2634 2636 -0.000000
249 621 -0.000000
1368 1911 -0.000000
473 2647 -0.000000
669 1086 -0.000000
703 801 -0.000000
1083 1450 -0.000000
1669 2332 -0.000000
1062 1192 -0.000000
1086 1124 -0.000000
1717 2560 -0.000000
113 747 -0.000000
266 2229 -0.000000
1862 2582 -0.000000
321 1083 -0.000000
801 1961 -0.000000
2144 2329 -0.000000
2270 2375 -0.000000
518 666 -0.000000
32 518 -0.000000
1708 2314 -0.000000
789 1240 -0.000000
22 1702 -0.000000
1360 1960 -0.000000
381 2538 -0.000000
1401 1585 -0.000000
1585 1653 -0.000000
1835 2157 -0.000000
440 1913 -0.000000
78 1219 -0.000000
171 775 -0.000000
712 2480 -0.000000
101 1589 -0.000000
1796 2297 -0.000000
78 1329 -0.000000
2413 2415 -0.000000
1396 2228 -0.000000
1376 2232 -0.000000
2476 2651 -0.000000
738 2162 -0.000000
1723 1724 -0.000000
194 2564 -0.000000
389 2450 -0.000000
1109 1533 -0.000000
622 1951 -0.000000
895 1296 -0.000000
1662 1666 -0.000000
0 633 -0.000000
312 1722 -0.000000
464 2444 -0.000000
444 828 -0.000000
1148 1747 -0.000000
753 1269 -0.000000
102 2256 -0.000000
36 2106 -0.000000
890 1269 -0.000000
1075 1124 -0.000000
80 2049 -0.000000
328 951 -0.000000
376 672 -0.000000
1564 1786 -0.000000
82 1138 -0.000000
130 1982 -0.000000
1275 1468 -0.000000
1273 2124 -0.000000
371 720 -0.000000
875 1942 -0.000000
1728 2555 -0.000000
1526 1981 -0.000000
1408 1553 -0.000000
577 2352 -0.000000
167 168 -0.000000
183 1837 -0.000000
2177 2371 -0.000000
6 373 -0.000000
455 1664 -0.000000
826 2287 -0.000000
898 1835 -0.000000
167 2437 -0.000000
643 2407 -0.000000
997 1837 -0.000000
609 2448 -0.000000
486 2077 -0.000000
957 1685 -0.000000
342 1512 -0.000000
311 343 -0.000000
2284 2285 -0.000000
140 582 -0.000000
411 2609 -0.000000
1117 2499 -0.000000
1260 2250 -0.000000
1163 2132 -0.000000
1488 2601 -0.000000
283 2250 -0.000000
525 1540 -0.000000
487 1782 -0.000000
258 1401 -0.000000
407 695 -0.000000
1201 2214 -0.000000
251 1413 0.007519
882 1358 0.011905
919 1358 0.011905
34 1358 0.011905
1234 1703 0.014706
1412 1483 0.018182
969 1483 0.018182
2367 2371 0.023810
350 2089 0.023810
350 656 0.023810
1701 1853 0.027027
1701 1854 0.027027
1323 1701 0.027027
1701 1860 0.027027
226 1701 0.027027
1052 1701 0.027027
235 1701 0.027027
1701 1861 0.027027
664 1701 0.027027
1701 1872 0.027027
874 1701 0.027027
1212 1701 0.027027
1292 1317 0.030303
1986 2007 0.030769
1986 1990 0.030769
1986 2005 0.030769
525 2057 0.033333
43 2399 0.033333
1272 1950 0.033333
1947 1950 0.033333
565 1528 0.033333
392 1415 0.033333
1703 1971 0.039216
1540 1628 0.039216
389 1743 0.041667
867 2442 0.044444
1040 1317 0.045455
1317 1719 0.045455
1317 1720 0.045455
1483 1620 0.045455
744 1154 0.045455
351 1810 0.045455
638 924 0.047619
650 1685 0.047619
1623 1774 0.047619
507 1413 0.049708
2075 2668 0.050000
246 2515 0.050000
270 1195 0.050000
706 2645 0.050000
833 1130 0.055556
735 2062 0.055556
754 1483 0.060606
2359 2372 0.060606
521 598 0.060606
1206 1257 0.062500
109 2092 0.062500
1539 1914 0.064516
1485 1914 0.064516
1369 1530 0.066667
1229 1254 0.066667
1580 2199 0.066667
695 1012 0.066667
736 1388 0.066667
735 1881 0.066667
253 1413 0.070175
739 1543 0.071429
152 2240 0.071429
697 1080 0.071429
403 1383 0.071429
201 2430 0.071429
201 570 0.071429
403 806 0.071429
1147 2367 0.071429
1413 1936 0.073684
812 1413 0.073684
657 2440 0.083333
156 817 0.083333
463 1966 0.083333
534 629 0.083333
534 933 0.083333
1000 2543 0.083333
629 883 0.083333
883 933 0.083333
1335 2090 0.083333
1588 2055 0.083333
515 2464 0.083333
565 1361 0.083333
691 2130 0.083333
427 565 0.083333
565 1398 0.083333
2236 2237 0.083333
154 1754 0.083333
989 1507 0.083333
1183 1825 0.083333
383 2268 0.083333
153 459 0.083333
154 1339 0.083333
154 1753 0.083333
752 957 0.083333
1022 1962 0.083333
1269 1630 0.083333
2056 2576 0.083333
186 2580 0.083333
1567 1874 0.083333
472 559 0.083333
472 1183 0.083333
734 2197 0.083333
1794 1796 0.083333
1281 1746 0.083333
1484 2498 0.083333
1641 2495 0.083333
1662 2381 0.083333
354 1803 0.083333
1191 2339 0.083333
726 1533 0.083333
1507 2436 0.083333
828 2464 0.083333
2113 2450 0.083333
577 906 0.083333
577 2353 0.083333
519 1346 0.083333
577 1063 0.083333
123 2604 0.083333
189 564 0.083333
1951 2206 0.083333
1951 2204 0.083333
1207 2464 0.083333
1891 2130 0.083333
444 2464 0.083333
394 577 0.083333
754 2450 0.083333
1881 1958 0.085714
750 1441 0.086957
1441 2272 0.086957
50 1441 0.086957
1042 1198 0.086957
1441 2271 0.086957
1441 1700 0.086957
648 1441 0.086957
265 1441 0.086957
1060 1441 0.086957
1441 1707 0.086957
1441 2273 0.086957
241 1441 0.086957
776 1413 0.087719
310 1947 0.088235
310 1272 0.088235
1483 2208 0.090909
2281 2405 0.095238
492 2678 0.095238
1147 2371 0.095238
1135 2678 0.095238
415 966 0.095238
204 415 0.095238
1119 2129 0.096154
1946 1950 0.100000
1409 1828 0.100000
1409 1553 0.100000
65 619 0.100000
426 1805 0.100000
1359 2278 0.100000
948 1682 0.100000
1952 2206 0.100000
2076 2077 0.100000
1020 2077 0.100000
816 1842 0.100000
704 1483 0.102273
1692 2345 0.105263
1514 1692 0.105263
291 1692 0.105263
105 2476 0.107143
41 175 0.107143
155 817 0.107143
364 819 0.109091
695 1681 0.111111
33 286 0.111111
412 1616 0.111111
253 507 0.111111
74 2052 0.111111
53 1739 0.111111
1158 2251 0.111111
1158 2252 0.111111
436 668 0.111111
115 973 0.117647
825 1765 0.117647
630 973 0.117647
748 1145 0.121212
1273 2126 0.125000
1558 2340 0.125000
1022 1963 0.125000
1903 2592 0.125000
102 1561 0.125000
1680 2056 0.125000
2056 2311 0.125000
389 704 0.125000
389 905 0.125000
444 2289 0.125000
426 1782 0.125000
472 1182 0.125000
1273 2129 0.125000
557 1725 0.125000
661 1028 0.125000
1027 2394 0.125000
2394 2397 0.125000
429 1493 0.125000
600 2394 0.125000
661 1883 0.125000
251 507 0.126984
1363 1413 0.131579
1278 2306 0.133333
1639 2679 0.133333
89 1585 0.133333
1490 2085 0.133333
1820 1873 0.133333
478 1978 0.133333
1682 2319 0.133333
310 1950 0.133333
1093 1598 0.133333
1685 2083 0.133333
268 2451 0.136364
2389 2451 0.136364
126 236 0.136364
56 1616 0.138889
507 1940 0.138889
1119 2124 0.142857
415 2014 0.142857
854 857 0.142857
1202 1428 0.142857
1589 1745 0.142857
1206 2671 0.142857
2671 2672 0.142857
310 1946 0.147059
1016 2176 0.150000
982 2176 0.150000
1016 1256 0.150000
982 1256 0.150000
73 1189 0.150000
1951 1952 0.150000
2010 2016 0.150000
399 1769 0.150000
239 1274 0.153846
239 1069 0.153846
769 1927 0.153846
239 1220 0.153846
1535 2293 0.166667
51 2213 0.166667
1842 2281 0.166667
38 1160 0.166667
640 1598 0.166667
496 596 0.166667
1969 2236 0.166667
736 2197 0.166667
2415 2597 0.166667
507 1363 0.166667
978 998 0.166667
1301 1315 0.166667
219 507 0.166667
507 1931 0.166667
901 1279 0.166667
731 901 0.166667
309 2268 0.166667
392 1619 0.166667
1182 1183 0.166667
1370 1919 0.166667
1795 1796 0.166667
1901 2286 0.166667
1734 2597 0.166667
562 2450 0.166667
1020 2667 0.166667
2076 2667 0.166667
1257 2678 0.166667
1257 2673 0.166667
1507 1645 0.166667
1094 1369 0.166667
30 697 0.166667
507 1933 0.166667
2065 2066 0.166667
16 1632 0.166667
849 2351 0.166667
1656 1798 0.166667
1584 1798 0.166667
734 2202 0.166667
444 515 0.166667
2289 2464 0.166667
486 2667 0.166667
11 1839 0.166667
596 992 0.166667
976 998 0.166667
1395 2267 0.166667
2094 2106 0.166667
998 1431 0.166667
46 2366 0.166667
921 2134 0.166667
421 2213 0.166667
467 1172 0.166667
903 2031 0.166667
794 1160 0.166667
1414 2270 0.166667
51 1392 0.166667
2439 2652 0.166667
1743 2113 0.166667
487 655 0.166667
1077 2450 0.166667
577 1518 0.166667
2464 2465 0.166667
154 326 0.166667
154 1752 0.166667
74 1517 0.166667
482 1814 0.166667
1889 1890 0.166667
983 2130 0.166667
2025 2028 0.166667
362 1966 0.166667
577 2354 0.166667
1655 2384 0.166667
1261 2130 0.166667
430 2130 0.166667
912 2130 0.166667
1979 2405 0.171429
310 892 0.176471
72 1103 0.176471
1103 1123 0.176471
1103 1480 0.176471
1103 1760 0.176471
1492 1765 0.176471
1562 1765 0.176471
501 1765 0.176471
1744 1765 0.176471
256 756 0.181818
748 1374 0.181818
2238 2239 0.181818
454 2188 0.181818
748 1617 0.181818
94 1649 0.181818
1288 1309 0.187500
1071 1257 0.187500
1469 2590 0.190476
1771 1778 0.190476
1185 1460 0.190476
1428 1429 0.190476
1099 1577 0.190476
1300 1940 0.194444
657 867 0.194444
1483 1743 0.196970
758 2492 0.200000
716 1821 0.200000
299 1484 0.200000
2509 2519 0.200000
2349 2358 0.200000
327 1996 0.200000
1709 2365 0.200000
751 2202 0.200000
961 1728 0.200000
961 2555 0.200000
1842 1980 0.200000
4 1016 0.200000
982 2175 0.200000
132 1959 0.200000
1709 1738 0.200000
203 857 0.200000
1481 2332 0.200000
334 693 0.200000
171 790 0.200000
729 1159 0.200000
217 243 0.200000
1682 2320 0.200000
2180 2183 0.200000
1173 1250 0.200000
1102 2464 0.200000
1842 2405 0.200000
584 2289 0.200000
533 2466 0.200000
683 2169 0.200000
131 2169 0.200000
1770 2080 0.200000
1598 2367 0.200000
867 871 0.200000
52 1139 0.200000
2240 2399 0.200000
111 2492 0.200000
2220 2221 0.200000
263 732 0.200000
327 928 0.200000
341 1389 0.200000
394 1063 0.200000
892 1950 0.200000
210 1626 0.200000
1912 2404 0.200000
680 2199 0.200000
2075 2667 0.208333
1282 1283 0.208333
35 1296 0.208333
286 442 0.208333
1360 1904 0.208333
1835 2160 0.208333
219 1413 0.210526
1413 1931 0.210526
138 236 0.212121
1193 1705 0.214286
258 1153 0.214286
273 374 0.214286
831 1011 0.214286
1090 2367 0.214286
1658 2018 0.214286
1265 2291 0.222222
1889 1891 0.222222
507 1300 0.222222
1681 2320 0.222222
1681 2319 0.222222
1739 1766 0.222222
1954 2275 0.222222
1128 1954 0.222222
742 1743 0.222222
345 833 0.222222
711 2111 0.222222
715 2291 0.222222
735 2061 0.222222
178 833 0.222222
702 777 0.222222
833 2595 0.222222
207 833 0.222222
414 711 0.222222
735 2060 0.222222
1415 2269 0.228571
160 553 0.232143
1129 2351 0.233333
1412 2450 0.233333
969 2450 0.233333
2199 2200 0.233333
145 537 0.233333
492 2673 0.238095
368 1366 0.238095
507 812 0.244444
1111 1119 0.246154
1119 2125 0.246154
1772 1782 0.250000
1636 2141 0.250000
817 1763 0.250000
1136 1189 0.250000
524 552 0.250000
2215 2216 0.250000
1311 1312 0.250000
248 1531 0.250000
309 383 0.250000
468 1311 0.250000
657 2523 0.250000
443 1264 0.250000
740 2033 0.250000
1308 1627 0.250000
1392 2212 0.250000
793 1903 0.250000
736 2202 0.250000
915 2415 0.250000
1477 2066 0.250000
1500 1538 0.250000
1538 2185 0.250000
1133 1538 0.250000
1296 1913 0.250000
174 2334 0.250000
282 747 0.250000
1555 2363 0.250000
546 1608 0.250000
767 2314 0.250000
1197 1791 0.250000
546 2127 0.250000
1320 1349 0.250000
375 2434 0.250000
2401 2434 0.250000
81 347 0.250000
1955 1956 0.250000
154 1238 0.250000
1098 2066 0.250000
229 2118 0.250000
1405 1508 0.250000
1281 1748 0.250000
1074 1675 0.250000
181 1464 0.250000
112 487 0.250000
1557 2083 0.250000
1462 1611 0.250000
38 862 0.250000
213 2192 0.250000
144 2192 0.250000
1553 1827 0.250000
1827 1828 0.250000
1370 1525 0.250000
589 980 0.250000
817 1736 0.250000
90 817 0.250000
2075 2077 0.250000
577 2351 0.250000
704 2113 0.250000
905 1620 0.250000
1675 1676 0.250000
51 710 0.250000
139 660 0.250000
770 2117 0.250000
868 988 0.250000
1336 2032 0.250000
674 1907 0.250000
1021 2309 0.250000
1350 1443 0.250000
221 817 0.250000
442 2362 0.250000
717 1907 0.250000
957 2167 0.250000
1014 1558 0.250000
1227 1269 0.250000
739 1881 0.257143
120 2405 0.257143
1702 1703 0.258824
135 2095 0.266667
2095 2504 0.266667
871 2652 0.266667
1129 1518 0.266667
1300 1941 0.266667
655 2080 0.266667
797 1833 0.266667
1119 2126 0.278846
1147 1598 0.285714
402 1940 0.285714
1565 2365 0.285714
368 1545 0.285714
374 2149 0.285714
1343 2316 0.285714
1511 1519 0.285714
1596 2476 0.285714
374 413 0.285714
831 1638 0.285714
1185 2589 0.285714
1519 2640 0.285714
1705 2322 0.285714
136 831 0.285714
278 1185 0.285714
393 739 0.285714
555 1463 0.285714
1610 2557 0.285714
444 623 0.291667
958 1798 0.291667
359 389 0.291667
588 698 0.300000
308 1253 0.300000
1543 1881 0.300000
394 849 0.300000
112 2080 0.300000
515 1102 0.300000
486 2668 0.300000
790 1548 0.300000
558 2585 0.300000
723 2614 0.300000
340 584 0.300000
9 2614 0.300000
148 602 0.300000
148 378 0.300000
243 2474 0.300000
558 1706 0.300000
727 2570 0.300000
2243 2245 0.300000
296 732 0.300000
820 889 0.300000
2514 2515 0.300000
323 2020 0.300000
1396 2395 0.300000
542 1245 0.300000
316 766 0.300000
302 1253 0.300000
1144 1245 0.300000
17 1315 0.300000
52 2053 0.300000
875 914 0.300000
407 1681 0.305556
240 756 0.309091
512 756 0.309091
172 756 0.309091
756 1472 0.309091
160 2009 0.314286
577 1129 0.316667
756 2187 0.318182
364 1756 0.318182
640 765 0.333333
395 640 0.333333
867 2523 0.333333
177 1639 0.333333
710 2213 0.333333
873 1708 0.333333
1614 1671 0.333333
412 1849 0.333333
1237 1958 0.333333
1819 1948 0.333333
446 903 0.333333
903 2030 0.333333
873 2313 0.333333
43 2400 0.333333
1143 2262 0.333333
280 1535 0.333333
1708 2313 0.333333
1737 2616 0.333333
2144 2331 0.333333
2329 2331 0.333333
642 2472 0.333333
1249 2558 0.333333
150 1942 0.333333
1249 2556 0.333333
316 845 0.333333
316 1297 0.333333
455 2147 0.333333
1549 1901 0.333333
1099 1607 0.333333
918 2065 0.333333
1129 2352 0.333333
590 1954 0.333333
703 1961 0.333333
676 2235 0.333333
289 1722 0.333333
321 1450 0.333333
1378 2058 0.333333
1844 2276 0.333333
0 2582 0.333333
5 1629 0.333333
495 1327 0.333333
891 1674 0.333333
495 1328 0.333333
1037 2654 0.333333
1674 2608 0.333333
996 1135 0.333333
1278 2305 0.333333
735 1237 0.333333
1002 2033 0.333333
610 2288 0.333333
610 2287 0.333333
381 2518 0.333333
1148 2221 0.333333
1460 2349 0.333333
121 2252 0.333333
1463 1695 0.333333
276 2133 0.333333
121 2251 0.333333
276 1463 0.333333
1695 2133 0.333333
1428 2524 0.333333
1094 1653 0.333333
1632 1756 0.333333
126 2079 0.333333
1944 1945 0.333333
103 1775 0.333333
906 2351 0.333333
299 2498 0.333333
434 1524 0.333333
937 1180 0.333333
1429 2520 0.333333
2002 2379 0.333333
614 888 0.333333
937 1304 0.333333
1276 1962 0.333333
354 659 0.333333
504 2396 0.333333
1419 2260 0.333333
108 2209 0.333333
455 2486 0.333333
1549 2286 0.333333
114 2288 0.333333
529 1419 0.333333
1092 1106 0.333333
1806 1809 0.333333
1540 2054 0.333333
2305 2306 0.333333
695 2319 0.333333
1300 2508 0.333333
2228 2395 0.333333
68 391 0.333333
523 2406 0.333333
67 282 0.333333
2297 2299 0.333333
2473 2648 0.333333
57 2418 0.333333
192 2472 0.333333
500 2241 0.333333
679 1395 0.333333
1601 1750 0.333333
1041 1466 0.333333
111 2643 0.333333
440 2179 0.333333
876 2584 0.333333
1095 2613 0.333333
606 2361 0.333333
119 646 0.333333
145 2622 0.333333
186 1672 0.333333
458 1122 0.333333
640 2420 0.333333
658 2147 0.333333
1090 1271 0.342857
1135 1257 0.348214
370 1414 0.350000
1526 2099 0.357143
24 2139 0.357143
735 739 0.365079
1702 1971 0.366667
722 1874 0.366667
132 379 0.366667
379 1959 0.366667
1111 2126 0.375000
4 2176 0.375000
2175 2176 0.375000
389 1077 0.375000
426 1772 0.375000
1282 2324 0.375000
779 1370 0.375000
374 846 0.380952
2131 2133 0.380952
962 1809 0.380952
1529 2350 0.380952
902 1284 0.380952
2346 2349 0.380952
1300 1933 0.388889
867 2440 0.388889
74 1118 0.388889
56 1849 0.392857
1745 2596 0.392857
1251 1448 0.400000
65 2021 0.400000
1102 2290 0.400000
120 816 0.400000
232 869 0.400000
22 1234 0.400000
1202 2336 0.400000
470 857 0.400000
934 2356 0.400000
295 1176 0.400000
675 2356 0.400000
778 1370 0.400000
17 1316 0.400000
1346 1670 0.400000
857 1097 0.400000
819 1606 0.400000
537 1593 0.400000
38 863 0.400000
177 2679 0.400000
1311 1313 0.400000
1148 2220 0.400000
2 1454 0.400000
124 2478 0.400000
269 2551 0.400000
591 1078 0.400000
725 1137 0.400000
857 1246 0.400000
1045 1571 0.400000
1046 2587 0.400000
1196 2300 0.400000
1344 2315 0.400000
1812 2550 0.400000
2120 2637 0.400000
2306 2552 0.400000
2425 2426 0.400000
2681 2683 0.400000
110 1161 0.400000
194 2646 0.400000
228 322 0.400000
361 2681 0.400000
465 896 0.400000
540 2527 0.400000
804 1307 0.400000
859 1030 0.400000
889 1832 0.400000
943 1196 0.400000
982 1458 0.400000
1096 1633 0.400000
1307 2536 0.400000
1728 2257 0.400000
1899 2510 0.400000
1959 2621 0.400000
2114 2588 0.400000
2157 2158 0.400000
2290 2496 0.400000
2570 2572 0.400000
96 2217 0.400000
425 2466 0.400000
1449 2681 0.400000
20 2374 0.400000
209 2681 0.400000
214 2194 0.400000
269 418 0.400000
363 1003 0.400000
476 1140 0.400000
494 2614 0.400000
561 1016 0.400000
940 1829 0.400000
1003 2607 0.400000
1321 2501 0.400000
1391 1693 0.400000
1447 1928 0.400000
1547 2169 0.400000
2193 2194 0.400000
2203 2511 0.400000
1960 2491 0.416667
1589 2596 0.416667
1178 2350 0.416667
918 1098 0.416667
1091 1256 0.416667
595 2176 0.416667
595 1256 0.416667
1091 2176 0.416667
779 1919 0.416667
745 2009 0.425000
553 2009 0.425000
2124 2126 0.428571
155 1689 0.428571
2124 2125 0.428571
395 1147 0.428571
765 1147 0.428571
816 1980 0.428571
160 745 0.428571
492 688 0.428571
251 1300 0.428571
75 84 0.433333
1234 1702 0.450000
232 1864 0.450000
722 1567 0.450000
1636 2139 0.450000
1731 1755 0.466667
1129 2353 0.466667
394 1064 0.466667
927 2140 0.466667
2355 2356 0.466667
1020 2075 0.475000
2075 2076 0.475000
1090 1093 0.476190
509 2146 0.476190
1242 2146 0.476190
1421 2109 0.476190
812 1300 0.488889
480 2372 0.500000
186 1228 0.500000
1750 1766 0.500000
1874 2500 0.500000
599 1093 0.500000
1235 1462 0.500000
1235 2577 0.500000
161 2010 0.500000
628 1764 0.500000
683 834 0.500000
131 834 0.500000
186 2702 0.500000
336 1944 0.500000
1690 2112 0.500000
126 1551 0.500000
1262 1509 0.500000
0 1862 0.500000
194 1451 0.500000
1326 2063 0.500000
2679 2682 0.500000
317 1785 0.500000
1153 1401 0.500000
327 2064 0.500000
591 642 0.500000
741 1011 0.500000
1467 2172 0.500000
1693 2408 0.500000
1996 2064 0.500000
52 1467 0.500000
301 2492 0.500000
434 2408 0.500000
1379 2564 0.500000
1475 2470 0.500000
1797 2088 0.500000
423 527 0.500000
1451 2564 0.500000
1462 1663 0.500000
1498 2590 0.500000
457 2215 0.500000
798 1794 0.500000
807 1956 0.500000
1226 1956 0.500000
1536 2580 0.500000
366 553 0.500000
553 1127 0.500000
553 1995 0.500000
464 2445 0.500000
2146 2148 0.500000
771 1156 0.500000
157 1870 0.500000
27 2360 0.500000
2139 2141 0.500000
807 1226 0.500000
161 842 0.500000
709 1896 0.500000
1432 2663 0.500000
1896 1897 0.500000
2224 2226 0.500000
1388 2197 0.500000
56 447 0.500000
1473 2706 0.500000
165 2706 0.500000
2706 2707 0.500000
964 1388 0.500000
1064 2351 0.500000
1743 2450 0.500000
745 1127 0.500000
366 745 0.500000
745 1995 0.500000
704 2450 0.500000
111 1762 0.500000
145 213 0.500000
144 145 0.500000
617 705 0.500000
672 2456 0.500000
2231 2292 0.500000
847 2422 0.500000
1631 2196 0.500000
1915 2649 0.500000
275 1967 0.500000
615 2443 0.500000
156 1689 0.500000
2144 2504 0.500000
135 2144 0.500000
471 2013 0.500000
1327 2161 0.500000
1524 2499 0.500000
2522 2656 0.500000
217 2473 0.500000
850 2278 0.500000
686 2366 0.500000
1125 2332 0.500000
1900 2608 0.500000
410 676 0.500000
907 1916 0.500000
981 1159 0.500000
562 704 0.500000
1085 2109 0.500000
594 2195 0.500000
167 2482 0.500000
340 2463 0.500000
681 1446 0.500000
1008 1922 0.500000
1320 2684 0.500000
296 2685 0.500000
663 2195 0.500000
898 1836 0.500000
1114 1717 0.500000
2245 2246 0.500000
2457 2458 0.500000
167 1056 0.500000
506 1918 0.500000
571 696 0.500000
800 820 0.500000
1349 2684 0.500000
2266 2267 0.500000
92 898 0.500000
499 2457 0.500000
681 1445 0.500000
753 1880 0.500000
443 1010 0.500000
877 1177 0.500000
742 1620 0.500000
359 1620 0.500000
740 1002 0.500000
64 1737 0.500000
141 1002 0.500000
515 2465 0.500000
91 2380 0.500000
145 1165 0.500000
227 883 0.500000
29 2645 0.500000
227 534 0.500000
295 1177 0.500000
93 550 0.500000
128 233 0.500000
311 690 0.500000
372 2377 0.500000
447 2638 0.500000
506 1352 0.500000
582 2548 0.500000
798 1793 0.500000
1320 1491 0.500000
1741 2593 0.500000
2259 2337 0.500000
2327 2328 0.500000
134 406 0.500000
238 1828 0.500000
358 2642 0.500000
497 2419 0.500000
522 2097 0.500000
916 1026 0.500000
1615 1665 0.500000
28 1687 0.500000
311 1132 0.500000
400 1354 0.500000
473 1575 0.500000
764 1612 0.500000
799 961 0.500000
1146 2254 0.500000
1164 1287 0.500000
1348 2605 0.500000
1696 1713 0.500000
2539 2632 0.500000
62 485 0.500000
237 2539 0.500000
348 1643 0.500000
406 2505 0.500000
578 1105 0.500000
582 2549 0.500000
785 1664 0.500000
843 2542 0.500000
861 1397 0.500000
926 1862 0.500000
975 2097 0.500000
977 1281 0.500000
1008 2575 0.500000
1026 2531 0.500000
1049 2610 0.500000
1058 1195 0.500000
1404 2375 0.500000
1436 2259 0.500000
1595 2246 0.500000
1608 2489 0.500000
1697 2253 0.500000
2097 2098 0.500000
2141 2142 0.500000
2308 2559 0.500000
2539 2540 0.500000
734 736 0.516667
739 1237 0.523810
284 2226 0.523810
1469 2346 0.523810
778 779 0.525000
1846 1867 0.533333
17 927 0.533333
2355 2357 0.533333
573 2407 0.533333
614 1475 0.533333
537 1165 0.533333
1728 2599 0.533333
2555 2599 0.533333
2336 2524 0.533333
887 910 0.533333
1369 1653 0.533333
559 1579 0.533333
788 1031 0.533333
788 2205 0.533333
483 2405 0.535714
120 483 0.550000
1111 2129 0.550000
26 123 0.550000
969 1743 0.555556
1412 1743 0.555556
394 2351 0.566667
2667 2668 0.566667
284 2222 0.571429
284 583 0.571429
251 253 0.571429
402 1932 0.571429
284 2223 0.571429
1469 2349 0.571429
402 776 0.571429
1273 2125 0.575000
1111 1273 0.575000
41 596 0.583333
186 1536 0.583333
189 1262 0.583333
1714 1727 0.583333
108 1647 0.583333
1077 2113 0.583333
696 1570 0.583333
1945 1946 0.583333
75 2223 0.583333
1272 1945 0.583333
1945 1947 0.583333
1477 2067 0.583333
223 744 0.583333
52 2172 0.600000
17 2140 0.600000
869 1440 0.600000
341 613 0.600000
863 1590 0.600000
1711 1730 0.600000
1425 1618 0.600000
466 1305 0.600000
794 1590 0.600000
370 1415 0.600000
327 2063 0.600000
470 1097 0.600000
877 1176 0.600000
270 838 0.600000
1980 2405 0.600000
1361 1528 0.600000
427 1528 0.600000
1398 1528 0.600000
599 1271 0.600000
2125 2126 0.600000
284 2225 0.600000
489 2390 0.600000
84 284 0.600000
270 2280 0.600000
1182 1579 0.600000
81 423 0.600000
84 2224 0.600000
1979 1980 0.600000
2224 2225 0.600000
15 1090 0.607143
1421 2110 0.607143
1071 1135 0.607143
1178 1529 0.607143
704 1412 0.625000
704 969 0.625000
583 2224 0.625000
2222 2224 0.625000
2223 2224 0.625000
553 745 0.625000
156 1763 0.633333
1414 1415 0.650000
347 423 0.650000
489 2391 0.666667
173 1586 0.666667
173 1033 0.666667
353 1173 0.666667
1904 1960 0.666667
928 2063 0.666667
689 1292 0.666667
248 1264 0.666667
1064 2352 0.666667
1802 2079 0.666667
2065 2067 0.666667
1102 2465 0.666667
1165 1593 0.666667
1102 1207 0.666667
2085 2089 0.666667
179 197 0.666667
712 850 0.666667
1194 1366 0.666667
669 1124 0.666667
1318 2662 0.666667
1254 1308 0.666667
1063 1518 0.666667
1248 1651 0.666667
1657 2688 0.666667
2287 2288 0.666667
141 740 0.666667
1420 2396 0.666667
64 1209 0.666667
1209 1737 0.666667
1380 2564 0.666667
1074 1676 0.666667
1106 2501 0.666667
2109 2110 0.666667
75 2222 0.666667
75 583 0.666667
1580 2200 0.666667
99 2454 0.666667
91 2123 0.666667
137 2144 0.666667
1202 2524 0.666667
1460 2358 0.666667
1941 2508 0.666667
722 2500 0.666667
1207 2290 0.666667
2123 2380 0.666667
853 1762 0.666667
188 1727 0.666667
1335 2087 0.666667
1605 2663 0.666667
1663 2577 0.666667
150 914 0.666667
927 1316 0.666667
23 2159 0.666667
475 2219 0.666667
612 2235 0.666667
707 763 0.666667
852 1800 0.666667
944 2138 0.666667
1066 1574 0.666667
1084 1213 0.666667
1150 1243 0.666667
1456 1457 0.666667
1 654 0.666667
40 1364 0.666667
67 2628 0.666667
85 2488 0.666667
387 2191 0.666667
460 2532 0.666667
493 1244 0.666667
523 949 0.666667
554 685 0.666667
620 923 0.666667
755 1277 0.666667
888 1556 0.666667
960 2650 0.666667
1006 1302 0.666667
1104 2264 0.666667
1190 1387 0.666667
1239 2611 0.666667
1290 2258 0.666667
1378 1544 0.666667
1925 2620 0.666667
2560 2561 0.666667
2654 2655 0.666667
44 1582 0.666667
58 1715 0.666667
78 1418 0.666667
85 2487 0.666667
114 2506 0.666667
127 2604 0.666667
212 1290 0.666667
220 913 0.666667
267 2373 0.666667
313 2296 0.666667
319 1205 0.666667
329 2598 0.666667
349 419 0.666667
508 2325 0.666667
575 2283 0.666667
601 2229 0.666667
635 2058 0.666667
636 2233 0.666667
757 2421 0.666667
810 1068 0.666667
837 1422 0.666667
931 1433 0.666667
968 1603 0.666667
1019 1457 0.666667
1023 2568 0.666667
1126 1823 0.666667
1201 2533 0.666667
1247 1679 0.666667
1386 2571 0.666667
1437 1688 0.666667
1578 2497 0.666667
1642 2657 0.666667
1642 2658 0.666667
1686 2647 0.666667
1885 2644 0.666667
2006 2477 0.666667
2204 2521 0.666667
2297 2298 0.666667
2427 2428 0.666667
4 1256 0.675000
1256 2175 0.675000
155 1736 0.678571
483 816 0.678571
1101 2146 0.685714
704 1743 0.694444
144 1593 0.700000
213 1593 0.700000
1177 1935 0.700000
1085 1421 0.714286
90 155 0.714286
251 1933 0.714286
816 2405 0.714286
428 996 0.733333
286 698 0.733333
2046 2048 0.733333
35 895 0.733333
595 1016 0.733333
982 1091 0.733333
1090 1598 0.742857
24 1636 0.742857
1085 2110 0.750000
123 2455 0.750000
122 2455 0.750000
229 1405 0.750000
511 549 0.750000
1130 2495 0.750000
1381 1794 0.750000
793 2592 0.750000
1113 1650 0.750000
1554 2686 0.750000
27 2578 0.750000
104 2210 0.750000
107 1113 0.750000
107 971 0.750000
177 2682 0.750000
202 1345 0.750000
229 1053 0.750000
701 2062 0.750000
2360 2578 0.750000
77 1803 0.750000
971 1650 0.750000
1053 1405 0.750000
1504 1647 0.750000
12 2661 0.750000
12 1001 0.750000
353 1345 0.750000
798 1381 0.750000
2339 2340 0.750000
81 527 0.750000
1554 2687 0.750000
111 758 0.750000
99 122 0.750000
623 2289 0.750000
242 838 0.750000
377 678 0.750000
189 1509 0.750000
375 2435 0.750000
1340 1943 0.750000
1536 2702 0.750000
2401 2435 0.750000
2128 2129 0.750000
1587 2154 0.750000
1245 1770 0.750000
99 123 0.750000
1944 1946 0.750000
758 1762 0.750000
1256 2176 0.750000
1098 2067 0.750000
137 2504 0.750000
135 137 0.750000
75 2225 0.766667
4 2175 0.800000
1111 2125 0.800000
1932 1936 0.800000
1176 1935 0.800000
155 1763 0.800000
1472 2187 0.800000
172 2187 0.800000
766 1297 0.800000
84 2226 0.800000
1101 1242 0.800000
26 2454 0.800000
509 1101 0.800000
766 845 0.800000
251 812 0.800000
402 1936 0.800000
794 863 0.800000
75 2224 0.833333
659 1803 0.833333
1647 2209 0.833333
264 844 0.833333
808 924 0.833333
1264 1531 0.833333
1555 1953 0.833333
902 1604 0.833333
1228 2580 0.833333
656 2090 0.833333
961 2599 0.833333
1567 2500 0.833333
90 156 0.833333
15 1093 0.833333
99 2455 0.833333
727 1386 0.833333
217 2474 0.833333
568 1116 0.833333
571 1570 0.833333
633 1866 0.833333
1114 2560 0.833333
1455 1537 0.833333
1878 2256 0.833333
2022 2190 0.833333
460 1989 0.833333
890 1314 0.833333
1331 1576 0.833333
1887 1888 0.833333
2008 2301 0.833333
2058 2150 0.833333
2263 2490 0.833333
5 1659 0.833333
44 2701 0.833333
71 206 0.833333
171 1548 0.833333
568 1223 0.833333
1378 2150 0.833333
1629 1659 0.833333
44 2624 0.833333
71 2691 0.833333
496 992 0.833333
1409 1827 0.850000
2390 2391 0.850000
895 1913 0.850000
778 1919 0.866667
838 2280 0.866667
145 1593 0.866667
26 99 0.900000
877 1935 0.900000
869 1864 0.900000
1101 2148 0.900000
15 1271 0.900000
1660 2154 0.916667
1109 2675 0.916667
1109 2674 0.916667
1291 2154 0.916667
377 1265 0.916667
872 1340 0.916667
1228 1536 0.916667
104 864 0.916667
12 2662 0.916667
105 2651 0.916667
710 1392 0.916667
814 2382 0.916667
12 1318 0.916667
202 1173 0.916667
1554 1657 0.916667
1554 2688 0.916667
1093 1271 0.933333
26 2455 0.950000
84 2223 0.950000
26 122 0.950000
242 2280 0.950000
155 156 0.952381
284 2224 0.982143
731 1279 1.000000
202 353 1.000000
107 1650 1.000000
1098 1477 1.000000
906 2353 1.000000
386 2115 1.000000
891 2608 1.000000
1327 1328 1.000000
1581 1819 1.000000
1588 2333 1.000000
1047 1588 1.000000
864 2210 1.000000
953 2566 1.000000
338 1934 1.000000
373 1025 1.000000
1001 2662 1.000000
1379 1380 1.000000
2368 2370 1.000000
2565 2567 1.000000
168 2438 1.000000
614 2470 1.000000
1318 2661 1.000000
2483 2484 1.000000
2565 2566 1.000000
64 2616 1.000000
77 659 1.000000
182 183 1.000000
182 997 1.000000
369 385 1.000000
369 2484 1.000000
953 2567 1.000000
1504 2209 1.000000
1657 2686 1.000000
1680 2576 1.000000
1962 1963 1.000000
2039 2042 1.000000
2369 2370 1.000000
2687 2688 1.000000
385 2483 1.000000
928 1326 1.000000
2437 2438 1.000000
2311 2576 1.000000
273 846 1.000000
583 2225 1.000000
2222 2225 1.000000
1736 1763 1.000000
563 1337 1.000000
318 563 1.000000
2043 2406 1.000000
1252 2656 1.000000
125 2363 1.000000
283 1559 1.000000
294 2047 1.000000
410 1179 1.000000
488 2547 1.000000
956 2677 1.000000
1260 1559 1.000000
2601 2609 1.000000
172 512 1.000000
172 240 1.000000
240 1472 1.000000
512 1472 1.000000
1283 2324 1.000000
1752 1754 1.000000
35 1913 1.000000
326 1754 1.000000
1242 2148 1.000000
56 412 1.000000
122 2454 1.000000
509 2148 1.000000
559 1182 1.000000
19 1939 1.000000
47 163 1.000000
116 1076 1.000000
190 491 1.000000
333 1694 1.000000
339 813 1.000000
516 2104 1.000000
569 2512 1.000000
585 2526 1.000000
632 1430 1.000000
639 900 1.000000
677 954 1.000000
829 1816 1.000000
865 2653 1.000000
929 2627 1.000000
954 1112 1.000000
987 1175 1.000000
1036 2562 1.000000
1684 2513 1.000000
2615 2696 1.000000
2634 2635 1.000000
10 2545 1.000000
166 2617 1.000000
245 782 1.000000
398 730 1.000000
445 909 1.000000
560 774 1.000000
670 2606 1.000000
858 2502 1.000000
946 2623 1.000000
1004 1489 1.000000
1151 2700 1.000000
1186 2574 1.000000
1187 1188 1.000000
1259 2342 1.000000
1442 2462 1.000000
1515 2234 1.000000
1523 2449 1.000000
1937 1938 1.000000
2170 2171 1.000000
2173 2174 1.000000
2416 2417 1.000000
2467 2468 1.000000
2630 2699 1.000000
2636 2693 1.000000
63 1322 1.000000
98 1521 1.000000
198 1255 1.000000
260 365 1.000000
272 2012 1.000000
288 618 1.000000
292 2562 1.000000
293 2038 1.000000
355 1668 1.000000
528 803 1.000000
772 908 1.000000
824 1831 1.000000
925 1222 1.000000
939 2173 1.000000
941 2517 1.000000
1018 2378 1.000000
1057 2409 1.000000
1411 2218 1.000000
1591 2541 1.000000
240 512 1.200000
1272 1947 1.250000
1473 2707 1.250000
165 1473 1.250000
165 2707 1.250000
144 213 1.250000
375 2401 1.250000
261 1479 1.250000
337 1499 1.250000
1133 1500 1.250000
1500 2185 1.250000
1133 2185 1.250000
168 2437 1.333333
183 997 1.333333
385 2484 1.333333
529 2260 1.333333
953 2565 1.333333
1047 2333 1.333333
1180 1304 1.333333
2069 2070 1.333333
380 2569 1.333333
477 930 1.333333
1291 1660 1.333333
276 1695 1.333333
930 2569 1.333333
2251 2252 1.333333
2674 2675 1.333333
380 930 1.333333
380 477 1.333333
477 2569 1.333333
1128 2275 1.333333
1339 1753 1.333333
9 723 1.500000
70 2184 1.500000
97 1353 1.500000
200 1439 1.500000
206 2691 1.500000
259 2537 1.500000
378 602 1.500000
404 1170 1.500000
431 2695 1.500000
532 1863 1.500000
594 663 1.500000
806 1383 1.500000
1029 2166 1.500000
1056 2482 1.500000
1081 2563 1.500000
1170 1476 1.500000
1230 1342 1.500000
1445 1446 1.500000
1471 1646 1.500000
1706 2585 1.500000
1767 1783 1.500000
2624 2701 1.500000
2694 2695 1.500000
117 2537 1.500000
199 420 1.500000
200 2676 1.500000
404 1476 1.500000
431 2694 1.500000
92 1836 1.500000
117 259 1.500000
254 1211 1.500000
346 999 1.500000
499 2458 1.500000
570 2430 1.500000
976 1431 1.500000
1116 1223 1.500000
1439 2676 1.500000
1811 1822 1.500000
3 2544 2.000000
7 208 2.000000
31 1594 2.000000
66 2631 2.000000
106 2461 2.000000
184 520 2.000000
187 1208 2.000000
222 821 2.000000
225 2255 2.000000
247 2583 2.000000
250 2429 2.000000
287 2705 2.000000
307 991 2.000000
390 1108 2.000000
422 545 2.000000
462 1048 2.000000
474 1181 2.000000
538 1286 2.000000
587 1032 2.000000
592 2669 2.000000
611 2690 2.000000
625 1024 2.000000
641 2704 2.000000
653 1231 2.000000
662 932 2.000000
692 2629 2.000000
700 1691 2.000000
713 1044 2.000000
721 1034 2.000000
780 2341 2.000000
786 947 2.000000
832 2600 2.000000
917 2639 2.000000
959 2529 2.000000
967 2659 2.000000
974 1496 2.000000
986 2697 2.000000
1005 1541 2.000000
1059 1600 2.000000
1210 1648 2.000000
1233 2433 2.000000
1236 2479 2.000000
1263 1407 2.000000
1298 2703 2.000000
1310 2692 2.000000
1356 1613 2.000000
1371 1393 2.000000
1375 2586 2.000000
1438 2664 2.000000
1563 2633 2.000000
1673 2660 2.000000
2410 2411 2.000000
2431 2432 2.000000
2602 2603 2.000000
2618 2619 2.000000
2625 2626 2.000000
2665 2666 2.000000