582 1410 -1.721569
582 2447 -1.701961
1143 3193 -1.596639
541 1865 -1.575758
582 1170 -1.557423
1422 1582 -1.549495
2399 2861 -1.547619
1865 3046 -1.541667
247 2063 -1.527778
1822 1903 -1.523810
1811 1879 -1.514286
2314 2339 -1.512821
28 2314 -1.484848
1414 1422 -1.479798
2185 2282 -1.464286
1625 1821 -1.459770
411 1033 -1.444444
1097 1879 -1.436842
1097 1894 -1.436842
1655 2331 -1.428571
1625 2638 -1.425287
661 1625 -1.425287
582 2950 -1.421569
582 790 -1.421569
1687 1992 -1.418182
2835 3274 -1.418182
1296 1585 -1.418182
1027 1620 -1.413043
1620 2631 -1.405797
2506 2507 -1.400000
1725 2868 -1.400000
1422 2827 -1.398990
28 1447 -1.393939
2404 2919 -1.386364
541 1620 -1.381423
1877 2401 -1.380952
1583 3080 -1.380952
567 2400 -1.380952
1230 1666 -1.380952
755 1647 -1.380952
968 2196 -1.378307
588 1275 -1.377778
2226 2361 -1.375000
993 2427 -1.366667
194 1620 -1.366460
28 2316 -1.363636
582 1004 -1.362745
968 1625 -1.361430
12 1097 -1.350877
476 3046 -1.350000
2174 2509 -1.350000
98 2174 -1.350000
1567 2655 -1.347059
1419 2339 -1.346154
1422 1724 -1.338384
468 1097 -1.336384
2351 2372 -1.333333
269 1903 -1.333333
411 1335 -1.333333
1903 2420 -1.333333
796 968 -1.333333
468 968 -1.331723
582 3017 -1.330882
1625 2224 -1.327586
670 1472 -1.327273
1620 3026 -1.326087
1587 2919 -1.325000
1875 2399 -1.321429
755 2488 -1.321429
1585 2462 -1.318182
1992 2819 -1.318182
455 1992 -1.318182
1818 1992 -1.318182
28 2312 -1.318182
2189 3017 -1.318182
582 637 -1.317647
361 2185 -1.314286
1967 2672 -1.314286
450 1965 -1.314286
1145 1896 -1.314286
33 1822 -1.314286
1422 2668 -1.313131
624 777 -1.304762
582 1002 -1.301961
157 2507 -1.300000
1894 2584 -1.300000
75 1879 -1.300000
1324 1410 -1.300000
18 582 -1.294118
582 1967 -1.291317
1015 1422 -1.288889
150 1097 -1.284211
1078 2848 -1.277778
1033 2819 -1.277778
2458 2460 -1.277778
567 2005 -1.277778
582 2973 -1.274510
1422 1630 -1.272727
2174 2861 -1.270833
2063 2196 -1.269841
1087 1620 -1.269565
1666 2435 -1.266667
906 1903 -1.266667
2670 2673 -1.266667
2314 2739 -1.266667
1253 1915 -1.266667
641 1447 -1.266667
2473 2868 -1.266667
1220 2868 -1.266667
154 450 -1.266667
2597 2625 -1.266667
968 2633 -1.265993
2558 3193 -1.264706
1422 2435 -1.264646
12 677 -1.261905
1896 2704 -1.261905
1214 1724 -1.260714
819 2316 -1.259740
70 2899 -1.258929
744 2519 -1.250000
455 3017 -1.250000
1222 2434 -1.250000
16 1422 -1.248918
541 3047 -1.242424
1877 2196 -1.238095
1326 2400 -1.238095
1896 2708 -1.238095
709 2369 -1.238095
2189 3215 -1.236364
314 1422 -1.231546
1655 2506 -1.228571
150 677 -1.228571
405 3274 -1.227273
136 1940 -1.227273
582 2921 -1.225490
1070 1625 -1.224138
1429 2420 -1.222222
796 2063 -1.222222
1117 1422 -1.221445
1186 3193 -1.215686
2312 2401 -1.214286
1170 2819 -1.214286
835 3030 -1.214286
1583 1843 -1.214286
1967 2312 -1.214286
413 2204 -1.214286
1583 2584 -1.214286
286 2401 -1.214286
1143 1677 -1.214286
517 1583 -1.214286
83 2673 -1.212500
1422 2490 -1.212121
2296 2646 -1.208333
923 2316 -1.204545
1251 1422 -1.202020
690 2579 -1.200000
1879 1956 -1.200000
450 2507 -1.200000
154 1112 -1.200000
1591 2622 -1.200000
1932 2447 -1.200000
450 2299 -1.200000
1097 1429 -1.198830
582 3099 -1.196078
616 1422 -1.195960
755 2622 -1.195238
1363 1822 -1.190476
1802 2174 -1.187500
486 1097 -1.184211
709 1471 -1.180556
1097 1625 -1.179673
1097 2427 -1.178947
887 2404 -1.176768
582 2134 -1.176471
78 2366 -1.166667
1868 2729 -1.166667
114 1419 -1.166667
482 3156 -1.166667
49 2228 -1.166667
247 2848 -1.166667
2372 2375 -1.166667
2435 2488 -1.166667
1410 2345 -1.166667
268 2622 -1.166667
254 2551 -1.166667
2625 2650 -1.155556
582 2920 -1.151961
1587 1625 -1.151724
253 1992 -1.151515
884 1992 -1.151515
80 2316 -1.151515
136 1702 -1.151515
670 2771 -1.151515
670 1311 -1.151515
2828 2842 -1.151515
1311 2316 -1.151515
28 2059 -1.151515
2316 2547 -1.151515
1992 3139 -1.151515
541 2840 -1.151515
886 1567 -1.147059
319 2646 -1.145833
2316 2673 -1.145455
1422 2622 -1.145455
648 1143 -1.142857
1683 1836 -1.142857
1422 2830 -1.138889
616 755 -1.135714
637 2931 -1.133333
307 1918 -1.133333
1112 2927 -1.133333
1587 2420 -1.133333
1997 2264 -1.133333
1894 2052 -1.133333
559 1013 -1.133333
450 1915 -1.133333
351 1112 -1.133333
1836 2447 -1.128571
2422 2655 -1.128571
691 2396 -1.125000
1411 2067 -1.125000
2067 2790 -1.125000
2899 2900 -1.125000
113 1875 -1.125000
136 2519 -1.121212
1644 2404 -1.121212
1422 2828 -1.121212
468 1362 -1.115942
1822 3107 -1.114286
1759 1918 -1.111111
577 1971 -1.111111
1782 2458 -1.111111
1033 2112 -1.111111
148 2228 -1.111111
1561 2228 -1.111111
2596 2598 -1.102564
1429 1853 -1.100000
98 936 -1.100000
1009 2507 -1.100000
286 1835 -1.100000
1222 1864 -1.100000
2020 2510 -1.100000
772 1296 -1.100000
530 664 -1.100000
998 2589 -1.100000
2092 2722 -1.100000
603 2799 -1.100000
998 2909 -1.100000
1698 1705 -1.100000
1422 2444 -1.098485
819 2646 -1.098214
746 3193 -1.098039
1112 1251 -1.096970
1422 2681 -1.095960
468 2622 -1.095652
1011 1583 -1.095238
582 1200 -1.093137
847 2633 -1.090909
1112 2626 -1.088889
83 584 -1.083333
2367 2790 -1.083333
1411 2367 -1.083333
1232 2226 -1.083333
923 2218 -1.083333
1944 2534 -1.083333
339 472 -1.083333
2622 2782 -1.082353
1472 2646 -1.075000
468 1473 -1.072464
153 755 -1.071429
76 2955 -1.071429
559 1097 -1.070175
2492 3249 -1.066667
414 1666 -1.066667
624 2292 -1.066667
624 2134 -1.066667
1422 2820 -1.065657
875 1625 -1.063218
1517 1875 -1.062500
2450 2646 -1.062500
153 2925 -1.059524
468 1251 -1.059289
717 1896 -1.057143
222 567 -1.055556
962 1422 -1.050505
650 1655 -1.047619
1116 1836 -1.047619
205 854 -1.047619
216 1655 -1.047619
721 1967 -1.047619
194 2218 -1.047619
311 413 -1.047619
316 777 -1.047619
413 1812 -1.047619
2973 3009 -1.047619
205 3134 -1.047619
33 3193 -1.047059
1131 1875 -1.045455
1131 1666 -1.045455
1013 1422 -1.045455
1759 2622 -1.044444
1808 3249 -1.044444
1019 1625 -1.043103
582 2066 -1.039216
1625 2632 -1.038314
1264 2174 -1.037500
1180 2329 -1.033333
2219 2339 -1.025641
1034 2925 -1.023810
1251 2398 -1.022727
1395 2861 -1.016667
1472 3046 -1.012500
637 2189 -1.012121
138 1131 -1.010101
1625 2429 -1.008621
755 912 -1.007143
468 1853 -1.004348
1617 1724 -1.000000
43 887 -1.000000
106 1366 -1.000000
2174 3138 -1.000000
1575 1944 -1.000000
177 1971 -1.000000
61 2063 -1.000000
2196 2507 -1.000000
247 2643 -1.000000
1054 2626 -1.000000
567 2464 -1.000000
70 3009 -1.000000
1130 1591 -1.000000
43 1429 -1.000000
1 486 -1.000000
1123 1733 -1.000000
119 1829 -1.000000
292 1843 -1.000000
664 1026 -1.000000
2033 2474 -1.000000
2252 3232 -1.000000
942 2343 -1.000000
2342 3045 -1.000000
156 942 -1.000000
156 1677 -1.000000
1043 1829 -1.000000
1419 1698 -1.000000
595 1447 -1.000000
131 2622 -1.000000
2455 2861 -1.000000
49 2341 -1.000000
2380 2534 -1.000000
1241 1907 -1.000000
1678 2631 -1.000000
2233 2372 -1.000000
482 3276 -1.000000
1227 2095 -1.000000
1907 3125 -1.000000
2080 2346 -1.000000
2345 2346 -1.000000
54 1903 -1.000000
118 3133 -1.000000
269 1782 -1.000000
311 1253 -1.000000
577 2080 -1.000000
618 2380 -1.000000
1379 1823 -1.000000
1877 1973 -1.000000
675 2827 -1.000000
1239 2210 -1.000000
1586 3241 -1.000000
1335 2612 -1.000000
755 1013 -1.000000
1731 1943 -0.995238
429 1620 -0.989130
875 1131 -0.984848
254 1687 -0.983333
624 3153 -0.983333
450 2519 -0.983333
1429 1625 -0.982759
450 2196 -0.980952
1625 1965 -0.980296
799 1422 -0.979798
978 1422 -0.979798
1422 2821 -0.979798
29 1422 -0.979798
1422 2244 -0.979798
775 1422 -0.979798
30 1422 -0.979798
667 1555 -0.977273
429 541 -0.977273
2282 2829 -0.975000
819 3046 -0.973214
28 135 -0.969697
1921 2316 -0.969697
1875 2360 -0.962500
582 879 -0.960784
582 2249 -0.960784
582 3148 -0.960784
582 1701 -0.960784
921 3017 -0.958333
567 3221 -0.955556
303 1422 -0.954545
1965 2488 -0.952381
549 1821 -0.952381
254 1822 -0.952381
1422 2254 -0.952381
266 2067 -0.950000
968 1605 -0.949891
1422 2047 -0.949495
1422 2396 -0.946465
2189 2776 -0.945455
106 2189 -0.945455
709 2320 -0.944444
709 1557 -0.944444
1620 2245 -0.942029
1620 2335 -0.942029
1422 2825 -0.939394
495 1422 -0.939394
181 1422 -0.939394
1875 2426 -0.937500
1034 1617 -0.937500
1097 2919 -0.934211
1112 1647 -0.933333
1879 2205 -0.933333
1410 3294 -0.933333
2264 2638 -0.933333
661 2264 -0.933333
624 915 -0.933333
99 1015 -0.933333
190 3107 -0.933333
690 1613 -0.933333
1472 2210 -0.933333
1808 3011 -0.933333
142 2059 -0.933333
216 695 -0.933333
690 2948 -0.933333
1087 2054 -0.933333
1472 1813 -0.933333
711 2727 -0.933333
557 1883 -0.933333
535 641 -0.933333
1625 2680 -0.931034
1097 1875 -0.930921
1275 2444 -0.930556
138 1097 -0.929825
965 1422 -0.929293
1422 1663 -0.929293
43 1731 -0.928571
923 1170 -0.928571
434 1655 -0.928571
1731 2774 -0.928571
549 2361 -0.928571
1143 2573 -0.928571
194 2900 -0.928571
755 1961 -0.928571
755 2666 -0.928571
1214 2444 -0.925000
968 1214 -0.924868
414 1625 -0.924138
468 1665 -0.921739
234 582 -0.921569
968 2596 -0.920228
1275 2361 -0.916667
1346 2861 -0.916667
1011 1944 -0.916667
525 648 -0.914286
1620 1817 -0.913043
1620 1771 -0.913043
194 3051 -0.904762
2122 2399 -0.904762
508 1822 -0.904762
211 1896 -0.904762
1896 2048 -0.904762
1910 2925 -0.904762
1010 2925 -0.904762
468 2718 -0.902174
1087 1239 -0.900000
482 3272 -0.900000
78 1687 -0.900000
2292 2950 -0.900000
307 1943 -0.900000
1238 2506 -0.900000
1264 2984 -0.900000
850 886 -0.900000
2478 2919 -0.900000
492 2404 -0.898990
1625 1875 -0.898707
1135 2899 -0.895833
620 2174 -0.895833
755 2254 -0.892857
1981 2340 -0.888889
567 2486 -0.888889
548 2063 -0.888889
968 2632 -0.888889
1585 2020 -0.886364
1251 1843 -0.886364
1585 2779 -0.886364
637 1967 -0.885714
1244 3193 -0.882353
1728 3193 -0.882353
3132 3193 -0.882353
582 2840 -0.882353
847 1517 -0.878788
965 1112 -0.878788
486 1202 -0.875000
2361 2443 -0.875000
2443 2444 -0.875000
2259 2450 -0.875000
1875 2428 -0.875000
2017 2174 -0.875000
847 1853 -0.872727
1620 2440 -0.869565
1422 2649 -0.868687
1835 2063 -0.866667
450 1817 -0.866667
340 2597 -0.866667
272 450 -0.866667
1112 1635 -0.866667
1112 2522 -0.866667
1943 2396 -0.866667
1009 1422 -0.866667
12 557 -0.866667
1238 1422 -0.866162
43 2633 -0.863636
541 822 -0.863636
547 582 -0.862745
405 582 -0.862745
254 3249 -0.861111
549 1422 -0.860029
784 1822 -0.857143
1822 3006 -0.857143
197 755 -0.857143
549 755 -0.857143
691 968 -0.856481
1251 2622 -0.854545
968 1567 -0.854031
937 2782 -0.852941
78 2492 -0.850000
98 1078 -0.850000
968 2782 -0.848584
2703 2976 -0.847059
2596 2599 -0.846154
453 2254 -0.842105
1275 1731 -0.841270
1251 1625 -0.836991
153 744 -0.833333
2487 2488 -0.833333
1012 2681 -0.833333
1030 2372 -0.833333
12 1760 -0.833333
12 2474 -0.833333
1609 1877 -0.833333
506 1944 -0.833333
610 2911 -0.833333
266 672 -0.833333
266 1156 -0.833333
1429 1759 -0.833333
1072 1818 -0.833333
1970 2909 -0.833333
66 3144 -0.833333
535 2584 -0.833333
1381 2322 -0.833333
1710 2112 -0.833333
18 812 -0.833333
66 2342 -0.833333
96 339 -0.833333
595 618 -0.833333
1186 1868 -0.833333
1890 2628 -0.833333
2309 2334 -0.833333
102 1016 -0.833333
429 2154 -0.833333
460 992 -0.833333
778 2252 -0.833333
1823 3045 -0.833333
2210 3153 -0.833333
2341 2342 -0.833333
2586 3138 -0.833333
99 157 -0.833333
535 946 -0.833333
747 803 -0.833333
1235 1677 -0.833333
1791 2819 -0.833333
409 2584 -0.833333
566 2212 -0.833333
577 1027 -0.833333
1610 1733 -0.833333
1153 2968 -0.833333
119 3133 -0.833333
247 2613 -0.833333
2984 2994 -0.833333
781 2375 -0.833333
70 808 -0.828571
1259 2510 -0.828571
1422 2650 -0.828283
1422 2181 -0.828283
1620 2636 -0.826087
147 2625 -0.825000
428 2625 -0.825000
627 755 -0.821429
2820 2925 -0.821429
1326 1620 -0.818841
670 2844 -0.818182
1131 2680 -0.818182
2189 2921 -0.818182
28 2315 -0.818182
136 2315 -0.818182
1992 2347 -0.818182
2316 2383 -0.818182
1251 2483 -0.818182
2189 2740 -0.818182
540 911 -0.818182
541 3048 -0.818182
541 1477 -0.818182
541 3049 -0.818182
2089 2217 -0.816667
1943 2226 -0.816667
968 2166 -0.814815
1094 2899 -0.812500
1932 3046 -0.812500
1891 3046 -0.812500
887 1943 -0.811111
1625 1666 -0.810345
138 2196 -0.809524
273 468 -0.808696
755 2650 -0.805556
468 2299 -0.804348
582 1921 -0.803922
1009 1853 -0.800000
1875 2427 -0.800000
2492 2733 -0.800000
1864 2509 -0.800000
263 525 -0.800000
1112 1480 -0.800000
450 1561 -0.800000
150 557 -0.800000
154 1668 -0.800000
2447 2452 -0.800000
150 1760 -0.800000
150 2474 -0.800000
2244 2868 -0.800000
307 2676 -0.800000
1894 2710 -0.800000
607 2868 -0.800000
1939 2447 -0.800000
2067 2499 -0.800000
2264 2942 -0.800000
2427 3028 -0.800000
98 353 -0.800000
499 886 -0.800000
607 1879 -0.800000
263 886 -0.800000
637 2440 -0.800000
1422 2664 -0.797980
2339 3071 -0.794872
549 2782 -0.794118
2632 2651 -0.793651
1453 1625 -0.793103
930 2633 -0.792208
1097 2648 -0.789474
1422 2651 -0.789322
528 1422 -0.787879
70 2245 -0.785714
70 2335 -0.785714
1731 2443 -0.785714
719 755 -0.785714
2631 3009 -0.785714
27 755 -0.785714
819 2734 -0.785714
2475 2925 -0.785714
1422 2829 -0.785354
2494 2861 -0.783333
1087 2189 -0.781818
2217 2633 -0.780303
620 709 -0.777778
2524 3249 -0.777778
682 2228 -0.777778
875 1918 -0.777778
968 2564 -0.777778
2239 2632 -0.777778
865 2266 -0.777778
1953 2848 -0.777778
3007 3249 -0.777778
38 2228 -0.777778
709 1424 -0.777778
1193 1981 -0.777778
1918 1995 -0.777778
2637 3164 -0.777778
604 2458 -0.777778
1033 1426 -0.777778
1429 2421 -0.777778
540 2646 -0.772727
1620 2977 -0.771739
493 1214 -0.771429
585 1422 -0.767677
1759 2633 -0.767677
1422 2116 -0.767677
1054 1943 -0.766667
2230 2622 -0.766667
847 2360 -0.763636
1768 3274 -0.763636
1422 2023 -0.763636
241 2174 -0.762500
2651 2827 -0.761905
1461 2215 -0.761905
506 1583 -0.761905
661 2405 -0.761905
2405 2638 -0.761905
1492 1625 -0.758621
968 1422 -0.754209
2651 2828 -0.753247
1251 1965 -0.753247
154 1625 -0.751724
1575 2919 -0.750000
1256 3046 -0.750000
2134 2911 -0.750000
227 843 -0.750000
486 3228 -0.750000
1568 2680 -0.750000
1867 2351 -0.750000
1044 2434 -0.750000
982 1130 -0.750000
755 2665 -0.750000
965 2166 -0.750000
874 2866 -0.750000
52 1617 -0.750000
169 247 -0.750000
332 2259 -0.750000
419 1004 -0.750000
532 1944 -0.750000
609 2866 -0.750000
698 1004 -0.750000
976 2434 -0.750000
1400 1944 -0.750000
2434 2654 -0.750000
147 1350 -0.750000
247 1217 -0.750000
353 2434 -0.750000
1724 2253 -0.750000
2583 2866 -0.750000
247 1265 -0.750000
1437 2259 -0.750000
83 1383 -0.750000
83 3299 -0.750000
1422 2822 -0.747475
541 1768 -0.745455
1665 2633 -0.745455
968 2226 -0.745370
2435 2564 -0.744444
43 2632 -0.744444
1668 2399 -0.742857
1054 1214 -0.742857
298 468 -0.739130
1620 2721 -0.739130
922 1087 -0.733333
1943 2775 -0.733333
1112 1644 -0.733333
61 2113 -0.733333
641 825 -0.733333
624 1335 -0.733333
1052 1239 -0.733333
1324 1449 -0.733333
1835 2122 -0.733333
10 2622 -0.733333
395 2622 -0.733333
677 2506 -0.728571
468 768 -0.728261
468 982 -0.728261
1422 2824 -0.727273
1131 2681 -0.727273
28 2313 -0.727273
670 974 -0.727273
1131 1251 -0.727273
541 2721 -0.727273
755 887 -0.726190
92 582 -0.725490
379 582 -0.725490
1422 2785 -0.724747
887 1112 -0.722222
709 936 -0.722222
661 2404 -0.719697
2404 2638 -0.719697
136 1759 -0.717172
2622 2830 -0.716667
1112 2820 -0.716667
755 1009 -0.714286
1822 3194 -0.714286
1731 2230 -0.714286
1214 2650 -0.714286
1445 2401 -0.714286
170 2803 -0.714286
333 777 -0.714286
1170 2726 -0.714286
1259 2897 -0.714286
2369 2370 -0.714286
777 2560 -0.714286
1143 3174 -0.714286
1350 1399 -0.714286
2250 2399 -0.714286
170 2583 -0.714286
413 805 -0.714286
1655 2000 -0.714286
1671 2400 -0.714286
1758 2253 -0.714286
1887 2232 -0.714286
2401 2959 -0.714286
2959 3025 -0.714286
32 3009 -0.714286
194 3052 -0.714286
648 2647 -0.714286
2185 3150 -0.714286
170 2571 -0.714286
243 931 -0.714286
285 1967 -0.714286
43 1625 -0.710345
1422 2783 -0.709596
1617 2475 -0.708333
1256 2259 -0.708333
850 2596 -0.707692
1567 2182 -0.705882
965 1567 -0.705882
3193 3194 -0.705882
847 2520 -0.704545
637 1620 -0.704348
411 1410 -0.700000
43 136 -0.700000
886 2655 -0.700000
525 2573 -0.700000
716 1366 -0.700000
1122 2396 -0.700000
2324 2506 -0.700000
444 2655 -0.700000
2220 2447 -0.700000
565 1264 -0.700000
1130 1666 -0.700000
1822 2222 -0.700000
1772 1822 -0.700000
1580 2506 -0.700000
847 1666 -0.696970
1429 2520 -0.694444
1971 2062 -0.694444
2481 2596 -0.692308
2782 2783 -0.691176
1429 2331 -0.690476
1429 2422 -0.690476
83 3017 -0.687500
83 3046 -0.687500
2646 3017 -0.687500
435 1875 -0.687500
624 1836 -0.685714
1000 2400 -0.685714
453 1009 -0.684211
850 1605 -0.682353
51 1422 -0.680556
2955 2957 -0.678571
434 549 -0.678571
1078 1259 -0.678571
755 2667 -0.678571
1758 2217 -0.678571
468 2089 -0.678261
1157 1422 -0.676768
1422 2234 -0.676768
1422 2257 -0.674747
962 2416 -0.674242
1422 2021 -0.672980
347 2073 -0.666667
585 1997 -0.666667
27 1943 -0.666667
573 624 -0.666667
254 266 -0.666667
1156 3133 -0.666667
672 3133 -0.666667
1180 2643 -0.666667
1971 2479 -0.666667
744 2586 -0.666667
1031 2329 -0.666667
76 2644 -0.666667
548 1877 -0.666667
744 2466 -0.666667
135 2080 -0.666667
3133 3134 -0.666667
138 2487 -0.666667
865 1335 -0.666667
2228 2363 -0.666667
624 865 -0.666667
150 2487 -0.666667
1448 2738 -0.666667
1813 3294 -0.666667
316 2931 -0.666667
723 2219 -0.666667
937 2377 -0.666667
1046 2054 -0.666667
1210 2612 -0.666667
441 1782 -0.666667
148 1770 -0.666667
198 1453 -0.666667
234 2993 -0.666667
339 2789 -0.666667
441 2501 -0.666667
673 2445 -0.666667
1189 3021 -0.666667
1349 2528 -0.666667
1351 2121 -0.666667
1970 2836 -0.666667
2425 3011 -0.666667
18 778 -0.666667
131 935 -0.666667
165 2804 -0.666667
1831 2377 -0.666667
22 2140 -0.666667
214 2485 -0.666667
441 2812 -0.666667
2824 3308 -0.666667
2949 3011 -0.666667
803 990 -0.666667
2050 3304 -0.666667
2561 2949 -0.666667
2610 2612 -0.666667
1634 2861 -0.666667
1015 1275 -0.666667
421 1135 -0.666667
1863 2368 -0.666667
132 779 -0.666667
250 825 -0.666667
356 3156 -0.666667
447 3286 -0.666667
578 2367 -0.666667
751 1447 -0.666667
1239 2249 -0.666667
1307 1865 -0.666667
1591 2293 -0.666667
1667 3286 -0.666667
1916 2351 -0.666667
2227 3080 -0.666667
2306 3156 -0.666667
76 2428 -0.666667
487 837 -0.666667
487 2108 -0.666667
1239 1265 -0.666667
1253 1328 -0.666667
1447 2811 -0.666667
2224 2676 -0.666667
2345 2347 -0.666667
2368 2943 -0.666667
783 2837 -0.666667
880 1877 -0.666667
1023 1493 -0.666667
1729 2345 -0.666667
2358 2652 -0.666667
57 487 -0.666667
954 2366 -0.666667
24 1227 -0.666667
313 2984 -0.666667
1493 2187 -0.666667
371 1423 -0.666667
1447 2560 -0.666667
1493 2712 -0.666667
1933 2539 -0.666667
620 2321 -0.666667
12 113 -0.666667
1422 1644 -0.666667
1422 2398 -0.666667
492 755 -0.662698
1214 2398 -0.659524
968 2774 -0.657407
2422 2427 -0.657143
2331 2427 -0.657143
1587 2422 -0.657143
1587 2331 -0.657143
1214 2649 -0.657143
887 1422 -0.656566
1625 2681 -0.655172
154 1131 -0.654545
1422 2230 -0.654040
468 2719 -0.652174
2507 2520 -0.650000
2396 2398 -0.650000
2323 2434 -0.650000
540 923 -0.647727
83 540 -0.647727
1238 2782 -0.647059
1071 1422 -0.646465
550 2899 -0.645833
396 468 -0.644928
1275 2506 -0.644444
101 825 -0.642857
2398 2925 -0.642857
237 1731 -0.642857
218 1896 -0.642857
1070 2399 -0.642857
468 2196 -0.636646
962 2226 -0.636364
136 1561 -0.636364
483 1585 -0.636364
1678 2316 -0.636364
28 1678 -0.636364
28 1912 -0.636364
1211 1585 -0.636364
1879 1986 -0.633333
394 1879 -0.633333
1333 1879 -0.633333
1683 2452 -0.628571
1264 2369 -0.628571
492 1422 -0.626263
670 865 -0.626263
3017 3046 -0.625000
540 3046 -0.625000
51 2828 -0.625000
682 1471 -0.625000
1004 2816 -0.625000
2455 2866 -0.625000
2646 2911 -0.625000
2911 3046 -0.625000
1453 1875 -0.625000
1015 2443 -0.625000
170 2228 -0.619048
705 2422 -0.619048
303 1480 -0.616667
59 1422 -0.614719
31 136 -0.613636
237 2564 -0.611111
152 1429 -0.611111
138 1736 -0.611111
709 2174 -0.611111
1214 2824 -0.609524
962 2418 -0.609091
303 1343 -0.607143
755 2128 -0.607143
2509 2510 -0.600000
1052 3215 -0.600000
98 2510 -0.600000
1493 1894 -0.600000
2447 2450 -0.600000
1835 2113 -0.600000
682 881 -0.600000
1853 2488 -0.600000
2206 2868 -0.600000
590 2868 -0.600000
136 2507 -0.600000
1665 1670 -0.600000
1286 1543 -0.600000
585 1214 -0.600000
856 2739 -0.600000
1111 2727 -0.600000
1428 3037 -0.600000
47 3131 -0.600000
236 1582 -0.600000
308 3221 -0.600000
615 2673 -0.600000
690 2939 -0.600000
863 2209 -0.600000
969 1687 -0.600000
975 2478 -0.600000
998 1515 -0.600000
1435 1854 -0.600000
2363 3164 -0.600000
2739 2740 -0.600000
40 2625 -0.600000
378 2767 -0.600000
451 2736 -0.600000
695 2483 -0.600000
1052 2657 -0.600000
1107 2497 -0.600000
1871 2478 -0.600000
2726 2727 -0.600000
3106 3107 -0.600000
280 1296 -0.600000
300 2763 -0.600000
378 3272 -0.600000
410 1808 -0.600000
419 476 -0.600000
439 3128 -0.600000
690 3007 -0.600000
706 2927 -0.600000
722 3107 -0.600000
1310 3221 -0.600000
1480 2715 -0.600000
1533 2927 -0.600000
1995 2089 -0.600000
2130 2478 -0.600000
13 1871 -0.600000
263 737 -0.600000
530 1621 -0.600000
588 2536 -0.600000
695 1682 -0.600000
637 1921 -0.600000
1152 2414 -0.600000
1587 2421 -0.600000
113 150 -0.600000
835 1422 -0.595960
755 2664 -0.595238
2196 2217 -0.595238
1399 2224 -0.595238
1567 2925 -0.593838
1422 1607 -0.588384
453 887 -0.587719
1609 1625 -0.586207
1422 2115 -0.585859
586 1422 -0.585859
189 2434 -0.583333
2259 2278 -0.583333
1103 2911 -0.583333
796 2217 -0.583333
2196 2519 -0.583333
12 794 -0.583333
303 3093 -0.583333
12 2487 -0.583333
153 396 -0.583333
771 2646 -0.583333
303 493 -0.583333
254 2619 -0.583333
2217 2519 -0.583333
1672 1971 -0.583333
303 937 -0.583333
1757 3030 -0.583333
465 2973 -0.583333
1019 2073 -0.583333
921 3026 -0.583333
2820 3324 -0.583333
269 3228 -0.583333
755 2257 -0.578571
2226 2435 -0.575000
1004 2497 -0.575000
2443 2506 -0.575000
1625 1759 -0.574713
59 931 -0.571429
197 715 -0.571429
1887 2233 -0.571429
242 2196 -0.571429
1214 1480 -0.571429
1683 2450 -0.571429
1335 2578 -0.571429
1822 3220 -0.571429
941 1422 -0.570707
807 1422 -0.570707
1219 1422 -0.570707
585 1943 -0.566667
541 928 -0.560606
962 2829 -0.559091
59 962 -0.558442
670 1836 -0.558442
1130 2422 -0.557143
2097 2564 -0.555556
492 2632 -0.555556
1918 2797 -0.555556
138 1853 -0.555556
887 1351 -0.555556
1260 1981 -0.555556
59 968 -0.550265
1112 2475 -0.550000
1071 2829 -0.550000
2829 2968 -0.550000
1399 1429 -0.547619
573 670 -0.545455
965 1301 -0.545455
1190 2828 -0.545455
2066 2189 -0.545455
136 2598 -0.545455
847 2592 -0.545455
2097 2435 -0.544444
1214 1230 -0.542857
263 2422 -0.542857
923 2911 -0.541667
307 2782 -0.541176
362 2339 -0.538462
2338 2339 -0.538462
1956 1965 -0.535714
1545 2400 -0.535714
819 1200 -0.535714
1965 2964 -0.535714
1480 2782 -0.535294
637 2977 -0.533333
2311 2361 -0.533333
1589 3272 -0.533333
968 2967 -0.533333
675 1864 -0.533333
2481 2597 -0.533333
1044 1264 -0.533333
43 1096 -0.533333
27 1422 -0.532323
541 1704 -0.530303
1152 2703 -0.529412
144 847 -0.522727
494 1620 -0.521739
304 1620 -0.521739
1620 2562 -0.521739
1035 2703 -0.519608
847 1875 -0.517045
586 1214 -0.514286
59 1214 -0.514286
586 2782 -0.511765
1422 2784 -0.505051
1343 2782 -0.504202
1343 1422 -0.503608
43 1238 -0.500000
1894 2711 -0.500000
1253 2455 -0.500000
1030 2062 -0.500000
982 1736 -0.500000
1867 2358 -0.500000
242 796 -0.500000
83 649 -0.500000
1135 3207 -0.500000
2453 3156 -0.500000
2022 3071 -0.500000
1617 2927 -0.500000
768 2964 -0.500000
1858 2543 -0.500000
958 2543 -0.500000
374 3286 -0.500000
254 1543 -0.500000
1351 1644 -0.500000
816 2426 -0.500000
1412 3138 -0.500000
1426 3153 -0.500000
1445 2020 -0.500000
1953 2041 -0.500000
2082 2957 -0.500000
2251 3295 -0.500000
2657 2863 -0.500000
666 1491 -0.500000
710 1159 -0.500000
1373 1948 -0.500000
1667 2603 -0.500000
1983 3152 -0.500000
1996 2880 -0.500000
109 2659 -0.500000
268 1942 -0.500000
595 1961 -0.500000
610 3039 -0.500000
1173 2794 -0.500000
1571 2055 -0.500000
1890 2884 -0.500000
113 1533 -0.500000
156 1334 -0.500000
332 2921 -0.500000
493 2151 -0.500000
851 2863 -0.500000
1007 1208 -0.500000
1021 2108 -0.500000
1119 2749 -0.500000
1173 1720 -0.500000
1208 2877 -0.500000
1487 1491 -0.500000
2262 3295 -0.500000
2395 2460 -0.500000
2550 2551 -0.500000
167 2909 -0.500000
179 2696 -0.500000
268 3242 -0.500000
390 2105 -0.500000
390 1916 -0.500000
517 2647 -0.500000
517 1215 -0.500000
772 1331 -0.500000
812 1437 -0.500000
942 1863 -0.500000
946 2906 -0.500000
1266 3273 -0.500000
1352 1829 -0.500000
1419 2389 -0.500000
1440 2124 -0.500000
1829 2035 -0.500000
2062 2378 -0.500000
2894 3144 -0.500000
342 3296 -0.500000
412 2440 -0.500000
615 1818 -0.500000
929 2863 -0.500000
954 3108 -0.500000
1205 2830 -0.500000
1384 2779 -0.500000
1766 1991 -0.500000
455 1684 -0.500000
942 2305 -0.500000
1262 2978 -0.500000
1677 1737 -0.500000
2237 3269 -0.500000
2385 2893 -0.500000
1046 2259 -0.500000
755 2585 -0.500000
242 1736 -0.500000
222 2729 -0.500000
1831 2264 -0.500000
347 1202 -0.500000
263 2655 -0.500000
1634 2866 -0.500000
928 1326 -0.500000
83 654 -0.500000
1326 2245 -0.500000
1326 2335 -0.500000
49 2994 -0.500000
634 2899 -0.500000
228 411 -0.500000
770 1591 -0.500000
132 3134 -0.500000
825 1574 -0.500000
746 2420 -0.500000
691 2481 -0.500000
152 1666 -0.500000
150 1357 -0.500000
421 2631 -0.500000
2366 3286 -0.500000
421 1162 -0.500000
1630 2621 -0.500000
302 1943 -0.500000
843 2202 -0.500000
473 843 -0.500000
1208 1767 -0.500000
1491 1767 -0.500000
2519 2720 -0.500000
247 2088 -0.500000
1130 2057 -0.500000
12 1622 -0.500000
624 2578 -0.495238
1214 2585 -0.492857
968 1943 -0.492593
2097 2925 -0.492063
1429 1989 -0.492063
1214 1644 -0.490476
472 541 -0.488636
266 3249 -0.486111
2925 2967 -0.485714
1683 2220 -0.485714
1746 2339 -0.480769
453 1422 -0.480595
2631 2899 -0.479167
468 1736 -0.478261
31 1131 -0.477273
416 1758 -0.476190
1967 2066 -0.476190
413 2719 -0.476190
1422 2585 -0.473485
670 2578 -0.467532
492 2181 -0.466667
2475 2829 -0.466667
504 624 -0.466667
965 1943 -0.466667
150 1622 -0.466667
307 2398 -0.466667
220 755 -0.464286
887 1214 -0.461905
2204 2596 -0.461538
808 1620 -0.460870
1422 1470 -0.459596
633 1422 -0.459596
1034 1422 -0.458965
1471 2861 -0.458333
2911 3017 -0.458333
2866 2984 -0.458333
1399 1587 -0.457143
541 3274 -0.454545
541 1464 -0.454545
1585 2771 -0.454545
847 2205 -0.454545
965 3014 -0.454545
1043 3274 -0.454545
1422 1590 -0.454545
1422 2823 -0.454545
527 1422 -0.454545
289 1422 -0.454545
835 2782 -0.453782
2119 2196 -0.452381
993 2925 -0.452381
2398 2829 -0.450000
1439 2638 -0.450000
661 1439 -0.450000
1202 1570 -0.450000
1 2919 -0.450000
2773 3272 -0.450000
1015 2783 -0.450000
1575 2478 -0.450000
1625 2621 -0.448276
1448 1971 -0.444444
1831 2626 -0.444444
677 1275 -0.444444
1130 1429 -0.444444
968 2097 -0.444444
1275 1825 -0.444444
213 2097 -0.444444
1484 2063 -0.444444
715 2264 -0.442857
303 2254 -0.440476
31 1625 -0.439655
1019 1875 -0.437500
83 1932 -0.437500
83 923 -0.437500
616 1943 -0.433333
1422 2475 -0.429293
1422 2064 -0.429293
1012 1214 -0.428571
1170 1225 -0.428571
101 3087 -0.428571
70 2557 -0.428571
101 1434 -0.428571
1461 2918 -0.428571
70 1474 -0.428571
819 1247 -0.428571
777 2845 -0.428571
2445 2955 -0.428571
438 1896 -0.428571
1155 2375 -0.428571
877 2375 -0.428571
2348 2349 -0.428571
1399 2675 -0.428571
1840 2348 -0.428571
590 2185 -0.428571
2185 2206 -0.428571
1625 2886 -0.425287
1395 2866 -0.425000
541 2269 -0.422078
84 582 -0.421569
582 653 -0.421569
582 2391 -0.421569
582 587 -0.421569
1034 1230 -0.419643
622 2925 -0.419048
627 2681 -0.416667
1943 2398 -0.416667
2278 3046 -0.416667
303 2116 -0.416667
1399 1666 -0.416667
2107 2398 -0.416667
1825 2443 -0.416667
465 2345 -0.416667
1414 2861 -0.416667
1091 2861 -0.416667
1281 1943 -0.416667
770 1202 -0.416667
138 468 -0.415459
1399 2427 -0.414286
1587 1989 -0.414286
220 968 -0.412698
865 1836 -0.412698
2774 2925 -0.410714
1875 1989 -0.410714
2585 2828 -0.409091
962 2097 -0.404040
887 2282 -0.402778
582 2179 -0.401961
130 582 -0.401961
582 1660 -0.401961
2115 2782 -0.401961
1457 2644 -0.400000
1286 3286 -0.400000
1772 1890 -0.400000
1890 2222 -0.400000
682 2494 -0.400000
696 2352 -0.400000
2551 2579 -0.400000
1591 1665 -0.400000
528 2396 -0.400000
886 2277 -0.400000
2277 2655 -0.400000
1395 2323 -0.400000
1239 3215 -0.400000
603 3128 -0.400000
2362 2506 -0.400000
241 603 -0.400000
881 2363 -0.400000
186 2507 -0.400000
1080 1348 -0.400000
2507 2598 -0.400000
1415 1668 -0.400000
689 3221 -0.400000
1324 1562 -0.400000
1324 2816 -0.400000
1415 1835 -0.400000
1769 2767 -0.400000
508 2732 -0.400000
559 1570 -0.400000
2257 2596 -0.400000
713 2314 -0.400000
486 1115 -0.400000
51 1214 -0.396429
1422 2663 -0.393939
1131 1609 -0.393939
404 1896 -0.392857
997 1896 -0.392857
1417 1758 -0.392857
413 2718 -0.392857
1896 2705 -0.392857
194 1522 -0.392857
1644 2782 -0.392157
616 931 -0.390476
314 1943 -0.389744
887 2859 -0.388889
1117 1943 -0.387179
147 2404 -0.386364
2339 2463 -0.384615
1605 1943 -0.384314
1567 2204 -0.382353
2181 2828 -0.381818
550 3009 -0.380952
1448 2353 -0.380952
677 2443 -0.375000
1411 2366 -0.375000
2366 2790 -0.375000
1301 2774 -0.375000
2275 2899 -0.375000
1875 2205 -0.375000
1091 1471 -0.375000
2646 3018 -0.375000
1617 2211 -0.375000
266 1809 -0.375000
1422 2826 -0.373737
1902 2703 -0.372549
965 2829 -0.368182
2360 2361 -0.366667
1395 2984 -0.366667
1708 1943 -0.366667
1410 1531 -0.366667
2361 2506 -0.366667
1663 2396 -0.366667
1013 1943 -0.366667
347 1853 -0.366667
81 2976 -0.366667
1435 2729 -0.366667
2632 2649 -0.365079
1605 2925 -0.364146
136 2520 -0.363636
2585 2782 -0.360294
1427 2925 -0.357143
1130 2331 -0.357143
2021 2651 -0.357143
137 1422 -0.356061
2278 2646 -0.354167
1422 2053 -0.353535
1943 2416 -0.350000
347 2633 -0.348485
453 835 -0.345865
1534 1896 -0.342857
453 1599 -0.342105
931 1117 -0.340659
453 1644 -0.337719
237 2398 -0.333333
396 2217 -0.333333
2632 2650 -0.333333
1208 2060 -0.333333
1491 2060 -0.333333
395 2519 -0.333333
1943 2418 -0.333333
151 2217 -0.333333
1112 3014 -0.333333
1094 3051 -0.333333
999 2351 -0.333333
1847 1907 -0.333333
2564 2665 -0.333333
347 1758 -0.333333
2665 2784 -0.333333
1176 1821 -0.333333
770 2633 -0.333333
228 1531 -0.333333
49 2455 -0.333333
843 2551 -0.333333
41 1059 -0.333333
54 2378 -0.333333
66 1062 -0.333333
483 2624 -0.333333
524 1537 -0.333333
650 2505 -0.333333
861 2178 -0.333333
1082 2532 -0.333333
1186 2306 -0.333333
1313 2709 -0.333333
32 118 -0.333333
38 2388 -0.333333
39 2466 -0.333333
50 2528 -0.333333
50 2529 -0.333333
115 2122 -0.333333
189 2076 -0.333333
236 618 -0.333333
243 1812 -0.333333
311 2803 -0.333333
365 630 -0.333333
389 2989 -0.333333
430 2844 -0.333333
451 1630 -0.333333
519 3146 -0.333333
533 2691 -0.333333
552 2789 -0.333333
566 698 -0.333333
600 1001 -0.333333
629 1460 -0.333333
638 2218 -0.333333
816 2377 -0.333333
859 1795 -0.333333
990 1207 -0.333333
1241 1694 -0.333333
1287 2058 -0.333333
1307 2112 -0.333333
1310 3125 -0.333333
1320 2159 -0.333333
1382 3038 -0.333333
1423 2059 -0.333333
1446 1574 -0.333333
1515 2050 -0.333333
1694 2486 -0.333333
1730 2516 -0.333333
1791 2055 -0.333333
1806 2804 -0.333333
1812 2328 -0.333333
1813 2184 -0.333333
2065 2686 -0.333333
2159 2894 -0.333333
2159 2895 -0.333333
2169 3276 -0.333333
2308 2341 -0.333333
2388 2389 -0.333333
2538 2642 -0.333333
2615 2812 -0.333333
2761 2762 -0.333333
2947 2960 -0.333333
3146 3147 -0.333333
3146 3148 -0.333333
22 726 -0.333333
22 3251 -0.333333
69 2370 -0.333333
99 2571 -0.333333
195 1823 -0.333333
216 2615 -0.333333
230 2979 -0.333333
230 356 -0.333333
329 2618 -0.333333
435 1996 -0.333333
548 851 -0.333333
562 1586 -0.333333
573 1478 -0.333333
746 3028 -0.333333
792 1671 -0.333333
803 3019 -0.333333
1031 2328 -0.333333
1125 2884 -0.333333
1349 3129 -0.333333
1364 2184 -0.333333
1381 1846 -0.333333
1441 1762 -0.333333
1670 3256 -0.333333
1845 2746 -0.333333
2140 2548 -0.333333
2334 2538 -0.333333
2534 2837 -0.333333
2548 2549 -0.333333
2686 3132 -0.333333
2804 2805 -0.333333
90 118 -0.333333
330 3184 -0.333333
537 650 -0.333333
681 2577 -0.333333
1212 1473 -0.333333
1231 1586 -0.333333
2104 3276 -0.333333
1227 1845 -0.333333
1210 1531 -0.333333
1227 2642 -0.333333
1795 1821 -0.333333
2329 2614 -0.333333
895 2782 -0.333333
241 2861 -0.333333
796 2119 -0.333333
1235 2335 -0.333333
2095 2335 -0.333333
1235 2245 -0.333333
2095 2245 -0.333333
620 2605 -0.333333
55 2119 -0.333333
504 2844 -0.333333
2166 2204 -0.333333
2183 2311 -0.333333
1202 2527 -0.333333
776 1030 -0.333333
49 1253 -0.333333
371 2463 -0.333333
627 2564 -0.333333
1080 1340 -0.333333
1758 2527 -0.333333
968 2882 -0.333333
55 186 -0.333333
1028 2605 -0.333333
487 1651 -0.333333
2379 2380 -0.333333
1584 2380 -0.333333
487 734 -0.333333
268 3324 -0.333333
1971 2373 -0.333333
716 2329 -0.333333
12 966 -0.333333
1135 2683 -0.333333
61 1443 -0.333333
501 1011 -0.333333
2372 2373 -0.333333
61 1734 -0.333333
1135 1485 -0.333333
1912 2080 -0.333333
1167 2711 -0.333333
1167 1493 -0.333333
610 1116 -0.333333
1079 1555 -0.333333
1698 2586 -0.333333
364 1991 -0.333333
1555 2469 -0.333333
1698 2466 -0.333333
409 1529 -0.333333
1214 2860 -0.328571
1214 2023 -0.328571
968 2829 -0.325926
860 1004 -0.325000
931 2597 -0.323810
229 2782 -0.323529
220 1422 -0.321789
541 3050 -0.318182
373 2925 -0.317460
968 1157 -0.314815
968 2234 -0.314815
203 2899 -0.312500
83 1225 -0.312500
1343 1943 -0.309524
1030 2353 -0.309524
930 2519 -0.309524
1290 2782 -0.308824
887 2782 -0.307190
453 2475 -0.307018
865 2212 -0.305556
147 2405 -0.303571
110 541 -0.303030
541 2745 -0.303030
241 936 -0.300000
603 1471 -0.300000
229 307 -0.300000
2067 2733 -0.300000
1772 2067 -0.300000
2067 2222 -0.300000
1064 1853 -0.300000
876 1366 -0.300000
622 1943 -0.300000
486 2356 -0.300000
307 585 -0.300000
2200 2435 -0.300000
886 2182 -0.300000
1366 2088 -0.300000
98 2511 -0.300000
468 930 -0.298137
1131 2621 -0.295455
1214 1290 -0.292857
1214 2230 -0.292857
1725 2404 -0.290909
59 1290 -0.285714
835 2828 -0.285714
1896 2706 -0.285714
1230 2859 -0.285714
203 3009 -0.285714
1965 2886 -0.285714
1887 2357 -0.285714
1708 2925 -0.285714
302 2651 -0.285714
1836 2578 -0.285714
25 2331 -0.285714
472 3274 -0.284091
993 2829 -0.283333
2475 2782 -0.279412
138 2488 -0.277778
371 1981 -0.277778
1 1097 -0.273684
540 2910 -0.272727
962 3073 -0.272727
670 924 -0.272727
667 1707 -0.272727
2230 2782 -0.272059
624 2845 -0.266667
304 637 -0.266667
494 637 -0.266667
1770 2867 -0.266667
450 542 -0.266667
1183 1366 -0.266667
1036 2853 -0.266667
2660 2853 -0.266667
150 966 -0.266667
3193 3197 -0.264706
1918 2444 -0.263889
170 881 -0.257143
51 453 -0.256579
1617 3014 -0.250000
1281 2226 -0.250000
549 2585 -0.250000
2257 2829 -0.250000
691 931 -0.250000
1956 2964 -0.250000
465 2153 -0.250000
1021 2589 -0.250000
2519 2718 -0.250000
1522 2245 -0.250000
1522 2335 -0.250000
2183 2361 -0.250000
151 2299 -0.250000
1666 1989 -0.250000
649 2911 -0.250000
1176 2226 -0.250000
1568 2767 -0.250000
2371 2874 -0.250000
790 1000 -0.250000
1779 2974 -0.250000
428 2405 -0.250000
2361 2880 -0.250000
2830 2859 -0.250000
1091 2874 -0.250000
1079 1707 -0.250000
1094 2052 -0.250000
2132 2631 -0.250000
83 1842 -0.250000
2515 2911 -0.250000
2368 2790 -0.250000
1411 2368 -0.250000
137 755 -0.250000
528 2829 -0.250000
51 493 -0.250000
1471 3128 -0.250000
1096 2638 -0.250000
661 1096 -0.250000
1973 2799 -0.250000
2052 2900 -0.250000
491 2994 -0.250000
2153 3294 -0.250000
1473 2964 -0.250000
471 2314 -0.250000
1580 1640 -0.250000
444 1301 -0.250000
595 878 -0.250000
1308 2680 -0.250000
2950 2952 -0.250000
460 1751 -0.250000
2420 2558 -0.250000
2153 2345 -0.250000
1580 2880 -0.250000
1319 2237 -0.250000
1617 2926 -0.250000
2132 2899 -0.250000
1064 1202 -0.250000
396 2519 -0.250000
927 2899 -0.250000
2217 2645 -0.250000
96 119 -0.250000
1115 3228 -0.250000
331 1083 -0.250000
1202 2356 -0.250000
158 1097 -0.245614
1551 3274 -0.242424
2775 2925 -0.238095
205 2296 -0.238095
205 3265 -0.238095
1214 2475 -0.233333
1035 1534 -0.233333
569 624 -0.233333
450 1532 -0.233333
466 2174 -0.229167
877 2442 -0.228571
1155 2442 -0.228571
428 2404 -0.227273
246 1422 -0.227273
468 2217 -0.224638
1034 2782 -0.224265
1918 2650 -0.222222
567 1435 -0.222222
627 2632 -0.222222
1981 3312 -0.222222
1343 2829 -0.221429
12 1357 -0.216667
254 2222 -0.216667
254 1772 -0.216667
254 2733 -0.216667
931 1025 -0.214286
930 2196 -0.214286
1822 2180 -0.214286
1896 2703 -0.210084
1117 2925 -0.208791
1644 2021 -0.208333
649 2646 -0.208333
218 2703 -0.205882
1940 2404 -0.204545
1044 1395 -0.200000
850 2182 -0.200000
307 1230 -0.200000
558 2976 -0.200000
2494 3128 -0.200000
773 1725 -0.200000
2208 3128 -0.200000
229 492 -0.200000
300 1410 -0.200000
464 1853 -0.200000
637 808 -0.200000
1214 2786 -0.200000
843 2579 -0.200000
2643 2776 -0.200000
486 1362 -0.200000
717 2976 -0.200000
411 2815 -0.200000
2209 2554 -0.200000
1687 3220 -0.200000
2509 2875 -0.200000
476 1247 -0.200000
2255 3221 -0.200000
1853 2527 -0.200000
901 3037 -0.200000
1810 3037 -0.200000
1176 2435 -0.200000
13 2711 -0.200000
13 1493 -0.200000
1157 1943 -0.200000
1943 2234 -0.200000
2993 3215 -0.200000
525 2577 -0.200000
2058 2727 -0.200000
2485 2767 -0.200000
2154 3215 -0.200000
1613 2727 -0.200000
2926 2927 -0.200000
3037 3038 -0.200000
504 2292 -0.200000
691 1567 -0.198529
540 2911 -0.196970
1759 2621 -0.194444
1049 2339 -0.192308
1917 2339 -0.192308
2339 3282 -0.192308
453 1034 -0.190789
1887 2358 -0.190476
1379 2353 -0.190476
468 680 -0.188406
83 3018 -0.187500
1987 2174 -0.187500
912 2925 -0.185714
27 2782 -0.182353
1064 2633 -0.181818
540 2515 -0.181818
847 1398 -0.181818
2212 2578 -0.178571
2128 2667 -0.178571
229 887 -0.177778
147 2264 -0.175000
307 2230 -0.175000
2596 2597 -0.174359
2023 2782 -0.170588
1907 3232 -0.166667
1907 2005 -0.166667
402 2861 -0.166667
1894 2648 -0.166667
303 1190 -0.166667
1012 2282 -0.166667
151 1736 -0.166667
1666 2110 -0.166667
689 2729 -0.166667
2519 2719 -0.166667
303 719 -0.166667
1379 2375 -0.166667
1319 1770 -0.166667
920 2547 -0.166667
2163 2547 -0.166667
1517 2361 -0.166667
394 2711 -0.166667
1333 2711 -0.166667
1986 2711 -0.166667
2329 2613 -0.166667
2729 2730 -0.166667
1517 2183 -0.166667
941 2564 -0.166667
1219 2564 -0.166667
807 2564 -0.166667
1587 2110 -0.166667
2527 2633 -0.166667
482 1076 -0.166667
686 2827 -0.166667
222 2857 -0.166667
450 2295 -0.166667
450 1020 -0.166667
450 882 -0.166667
119 132 -0.166667
999 1948 -0.166667
189 1802 -0.166667
429 2028 -0.166667
1189 1767 -0.166667
1082 3273 -0.166667
95 928 -0.166667
2367 2541 -0.166667
2367 2549 -0.166667
253 843 -0.166667
1025 2490 -0.166667
95 2636 -0.166667
541 703 -0.166667
212 2836 -0.166667
783 2296 -0.166667
1035 1152 -0.166667
212 3265 -0.166667
1214 2826 -0.161905
453 2667 -0.157895
887 2021 -0.152778
147 2626 -0.152778
1666 2427 -0.150000
509 1570 -0.150000
565 1330 -0.150000
565 904 -0.150000
864 904 -0.150000
864 1330 -0.150000
2414 2704 -0.150000
1398 2427 -0.150000
649 3046 -0.145833
715 1725 -0.142857
101 1340 -0.142857
413 2720 -0.142857
1155 2353 -0.142857
877 2353 -0.142857
1170 2531 -0.142857
1039 1170 -0.142857
749 1259 -0.142857
170 491 -0.142857
144 1429 -0.138889
398 1251 -0.136364
667 1530 -0.136364
667 1099 -0.136364
1214 2784 -0.133333
473 1808 -0.133333
1808 2202 -0.133333
2416 2597 -0.133333
1379 2442 -0.133333
1013 2597 -0.133333
1366 2581 -0.133333
561 1366 -0.133333
1034 1214 -0.132143
887 1034 -0.131944
1097 2933 -0.131579
923 3099 -0.125000
1842 2646 -0.125000
2774 2968 -0.125000
294 3046 -0.125000
2174 2413 -0.125000
2174 2439 -0.125000
266 2619 -0.125000
51 1034 -0.125000
229 2282 -0.125000
43 1759 -0.122222
2498 3274 -0.121212
302 962 -0.121212
2782 2786 -0.117647
807 2782 -0.117647
941 2782 -0.117647
1219 2782 -0.117647
2782 2785 -0.117647
273 2217 -0.116667
1989 2427 -0.114286
138 680 -0.111111
361 1918 -0.111111
1429 2147 -0.111111
941 1214 -0.109524
1214 1219 -0.109524
807 1214 -0.109524
1230 1290 -0.107143
13 1894 -0.100000
1301 2775 -0.100000
351 661 -0.100000
351 2638 -0.100000
98 2297 -0.100000
98 2284 -0.100000
2507 2883 -0.100000
1725 2264 -0.100000
486 2891 -0.100000
1013 1567 -0.100000
2782 2784 -0.098039
453 2782 -0.095975
396 930 -0.095238
95 2269 -0.095238
715 2404 -0.090909
1439 2626 -0.088889
137 2782 -0.088235
835 2181 -0.085714
1366 2580 -0.085714
434 2361 -0.083333
491 2228 -0.083333
12 839 -0.083333
1557 2322 -0.083333
2320 2322 -0.083333
997 1035 -0.083333
591 2704 -0.083333
882 2519 -0.083333
1012 2475 -0.083333
237 585 -0.083333
95 822 -0.083333
147 1647 -0.083333
2097 2829 -0.077778
1117 2596 -0.076923
2257 2925 -0.076190
307 1290 -0.075000
616 1567 -0.074510
151 930 -0.071429
796 930 -0.071429
220 2782 -0.071429
1940 2405 -0.071429
547 819 -0.071429
1343 1427 -0.071429
835 2021 -0.071429
453 2784 -0.070175
2418 2490 -0.066667
1183 1600 -0.066667
2418 2597 -0.066667
2234 2829 -0.066667
1157 2829 -0.066667
953 2736 -0.066667
253 2579 -0.066667
1041 1357 -0.066667
2835 2836 -0.066667
160 1616 -0.066667
2424 2425 -0.066667
1093 2425 -0.066667
1918 2649 -0.063492
616 2596 -0.061538
229 1230 -0.057143
220 1214 -0.057143
1457 2955 -0.057143
876 2848 -0.055556
1398 1429 -0.055556
178 1033 -0.055556
611 620 -0.055556
989 1033 -0.055556
8 1033 -0.055556
383 1033 -0.055556
144 1130 -0.050000
2829 2967 -0.050000
2209 2604 -0.050000
2775 2829 -0.050000
471 2554 -0.050000
2311 2880 -0.050000
2497 3296 -0.050000
428 2264 -0.050000
27 2282 -0.050000
586 2116 -0.050000
667 760 -0.045455
293 1585 -0.045455
667 1179 -0.045455
95 3274 -0.045455
303 2585 -0.041667
2495 2646 -0.041667
691 2166 -0.041667
1567 2418 -0.041176
1989 2426 -0.035714
492 1034 -0.034722
783 2835 -0.033333
300 1531 -0.033333
1582 2299 -0.033333
227 3249 -0.027778
453 1214 -0.027068
622 2596 -0.025641
1708 2596 -0.025641
2023 2282 -0.025000
1567 2416 -0.024510
1012 1034 -0.020833
1034 1644 -0.020833
472 2269 -0.017857
641 1080 -0.000000
2681 2886 -0.000000
242 1582 -0.000000
402 603 -0.000000
649 3099 -0.000000
773 2264 -0.000000
825 1080 -0.000000
982 1591 -0.000000
155 922 -0.000000
464 1758 -0.000000
170 1755 -0.000000
1183 2643 -0.000000
1028 1557 -0.000000
1028 2320 -0.000000
894 1668 -0.000000
1000 3120 -0.000000
642 1000 -0.000000
1821 2200 -0.000000
417 1335 -0.000000
1129 3241 -0.000000
458 2358 -0.000000
227 2619 -0.000000
1130 2110 -0.000000
2369 2371 -0.000000
142 1200 -0.000000
1002 2734 -0.000000
634 1162 -0.000000
771 1256 -0.000000
1545 3026 -0.000000
1971 2354 -0.000000
1030 1971 -0.000000
460 3030 -0.000000
222 1392 -0.000000
567 2730 -0.000000
713 2604 -0.000000
142 1002 -0.000000
768 2645 -0.000000
1543 2067 -0.000000
1746 1981 -0.000000
1718 2703 -0.000000
924 2845 -0.000000
958 3035 -0.000000
602 1858 -0.000000
790 3026 -0.000000
191 2169 -0.000000
272 2765 -0.000000
280 1563 -0.000000
412 3257 -0.000000
430 1684 -0.000000
552 2412 -0.000000
600 2105 -0.000000
638 3039 -0.000000
856 1621 -0.000000
914 2136 -0.000000
1023 2709 -0.000000
1111 1983 -0.000000
1205 1212 -0.000000
1215 2923 -0.000000
1352 2412 -0.000000
1384 3052 -0.000000
1648 2266 -0.000000
1771 1778 -0.000000
1904 2666 -0.000000
2365 3163 -0.000000
2714 2715 -0.000000
2794 2795 -0.000000
17 879 -0.000000
30 532 -0.000000
169 929 -0.000000
191 1927 -0.000000
232 333 -0.000000
250 2083 -0.000000
259 2978 -0.000000
275 710 -0.000000
313 964 -0.000000
321 2227 -0.000000
326 984 -0.000000
330 3206 -0.000000
352 1728 -0.000000
370 2499 -0.000000
410 3106 -0.000000
439 2011 -0.000000
447 1184 -0.000000
463 2539 -0.000000
469 1478 -0.000000
474 3056 -0.000000
560 2482 -0.000000
681 2980 -0.000000
706 800 -0.000000
751 1446 -0.000000
757 2099 -0.000000
938 2104 -0.000000
978 1764 -0.000000
1231 1390 -0.000000
1287 2940 -0.000000
1737 2243 -0.000000
1906 2127 -0.000000
1910 3129 -0.000000
2000 2635 -0.000000
2007 3269 -0.000000
2065 3206 -0.000000
2136 2505 -0.000000
2207 2532 -0.000000
24 2027 -0.000000
39 1412 -0.000000
57 2570 -0.000000
115 880 -0.000000
167 1904 -0.000000
257 2970 -0.000000
275 1297 -0.000000
533 1764 -0.000000
668 2536 -0.000000
697 1783 -0.000000
722 1334 -0.000000
726 2747 -0.000000
737 1460 -0.000000
802 1854 -0.000000
805 986 -0.000000
938 3251 -0.000000
1062 2232 -0.000000
1102 1939 -0.000000
1120 2654 -0.000000
1193 1841 -0.000000
1297 2393 -0.000000
1331 2142 -0.000000
1433 3064 -0.000000
1456 2694 -0.000000
1524 3064 -0.000000
1714 1869 -0.000000
1730 2795 -0.000000
1766 3183 -0.000000
1778 3257 -0.000000
1784 3205 -0.000000
1927 2550 -0.000000
2011 2076 -0.000000
2048 2710 -0.000000
2761 2763 -0.000000
2445 2957 -0.000000
483 2020 -0.000000
203 1094 -0.000000
747 2501 -0.000000
1441 2603 -0.000000
1568 2485 -0.000000
864 1346 -0.000000
2589 3066 -0.000000
69 157 -0.000000
1021 3066 -0.000000
2773 2928 -0.000000
214 2773 -0.000000
466 3138 -0.000000
579 1410 -0.000000
2638 2639 -0.000000
180 2638 -0.000000
180 661 -0.000000
661 2639 -0.000000
1220 1721 -0.000000
1721 2473 -0.000000
2473 2670 -0.000000
1220 2670 -0.000000
357 2351 -0.000000
839 2487 -0.000000
1167 1901 -0.000000
1600 2848 -0.000000
1768 2745 -0.000000
680 2089 -0.000000
1484 2113 -0.000000
2314 2588 -0.000000
567 2898 -0.000000
131 3324 -0.000000
771 1103 -0.000000
1232 2926 -0.000000
2664 2991 -0.000000
860 2497 -0.000000
314 2596 -0.000000
1348 1574 -0.000000
409 1341 -0.000000
1103 1116 -0.000000
364 399 -0.000000
716 1125 -0.000000
1031 1125 -0.000000
1237 1431 -0.000000
528 962 -0.000000
245 3203 -0.000000
245 1066 -0.000000
245 3204 -0.000000
225 3204 -0.000000
1543 2732 -0.000000
2732 2733 -0.000000
2367 3152 -0.000000
96 132 -0.000000
472 703 -0.000000
661 2641 -0.000000
661 2640 -0.000000
2638 2640 -0.000000
2638 2641 -0.000000
155 2643 -0.000000
226 1907 -0.000000
529 1724 -0.000000
545 2259 -0.000000
1724 1958 -0.000000
55 2324 -0.000000
1449 2606 -0.000000
3051 3207 -0.000000
10 1670 -0.000000
781 2479 -0.000000
1634 2208 -0.000000
1751 2319 -0.000000
1997 2107 -0.000000
550 3010 -0.000000
1162 3010 -0.000000
1260 2219 -0.000000
2931 2952 -0.000000
1083 1709 -0.000000
696 869 -0.000000
946 2379 -0.000000
946 1584 -0.000000
1867 2357 -0.000000
56 1027 -0.000000
610 2910 -0.000000
1027 2608 -0.000000
1555 2015 -0.000000
348 1991 -0.000000
1529 1925 -0.000000
501 1575 -0.000000
1468 1867 -0.000000
95 110 -0.000000
1417 2217 -0.000000
329 1889 -0.000000
329 2517 -0.000000
917 2660 -0.000000
829 1082 -0.000000
2028 2721 -0.000000
1847 2731 -0.000000
1189 2060 -0.000000
917 1036 -0.000000
1889 2516 -0.000000
2516 2517 -0.000000
254 2067 0.016667
1273 1422 0.020202
1422 1834 0.020202
1422 1658 0.020202
1422 2139 0.020202
2495 3046 0.020833
1343 2398 0.023810
2774 2829 0.025000
1567 2637 0.026144
1013 2166 0.033333
808 2066 0.033333
2269 3274 0.038961
215 582 0.039216
582 676 0.039216
582 1693 0.039216
582 3218 0.039216
582 3216 0.039216
582 3217 0.039216
582 1516 0.039216
582 2258 0.039216
489 582 0.039216
563 582 0.039216
582 1753 0.039216
582 1387 0.039216
582 647 0.039216
582 1525 0.039216
582 2100 0.039216
294 540 0.045455
1585 2770 0.045455
208 218 0.045455
2237 2867 0.050000
491 881 0.050000
2477 2559 0.050000
427 2477 0.050000
241 1414 0.050000
616 2166 0.050000
486 509 0.050000
314 2597 0.051282
492 1012 0.055556
887 1012 0.055556
1429 2110 0.055556
709 1987 0.055556
492 1644 0.055556
993 2097 0.055556
246 2782 0.058824
1585 1874 0.060606
254 2732 0.066667
213 528 0.066667
1590 1943 0.066667
1943 2823 0.066667
289 1943 0.066667
527 1943 0.066667
1587 2147 0.066667
773 2626 0.066667
361 2650 0.066667
691 2597 0.066667
81 1145 0.066667
813 1585 0.068182
428 2626 0.069444
755 2663 0.071429
715 1940 0.071429
877 1672 0.071429
1155 1672 0.071429
1163 2348 0.071429
194 397 0.071429
282 2348 0.071429
1896 2702 0.071429
1896 2170 0.071429
1605 2415 0.073529
968 3086 0.074074
1286 1411 0.075000
1286 2790 0.075000
1580 2360 0.075000
965 2234 0.075758
965 1157 0.075758
1605 2637 0.078431
923 3018 0.083333
2166 2637 0.083333
2350 2351 0.083333
1012 1644 0.083333
158 2919 0.083333
435 1019 0.083333
509 1362 0.083333
2779 2780 0.083333
319 1536 0.083333
1001 1119 0.083333
1001 1577 0.083333
1115 2891 0.083333
2541 3152 0.083333
331 2948 0.083333
953 1440 0.083333
2549 3152 0.083333
2416 2490 0.083333
2097 2774 0.083333
813 2771 0.083333
934 1616 0.083333
1214 2053 0.085714
62 1620 0.086957
1620 1826 0.086957
92 2189 0.090909
379 2189 0.090909
541 809 0.090909
1013 1605 0.094118
1896 2707 0.095238
1197 1896 0.095238
1146 1896 0.095238
72 1896 0.095238
518 1896 0.095238
79 2089 0.100000
2967 2968 0.100000
2067 2732 0.100000
2435 2882 0.100000
1410 2814 0.100000
637 2066 0.100000
273 768 0.100000
686 2181 0.100000
1246 2776 0.100000
2417 2597 0.100000
912 2490 0.100000
434 2362 0.100000
1410 2815 0.100000
433 2829 0.100000
221 1097 0.105263
1097 1467 0.105263
16 2417 0.107143
1981 3071 0.111111
561 2848 0.111111
2581 2848 0.111111
2228 2364 0.111111
865 924 0.111111
1369 1981 0.111111
865 1999 0.111111
887 2247 0.111111
887 2839 0.111111
208 997 0.113636
168 3193 0.117647
372 3193 0.117647
846 3193 0.117647
107 3193 0.117647
3193 3195 0.117647
3193 3196 0.117647
3193 3210 0.117647
205 212 0.119048
205 783 0.119048
1355 2866 0.125000
130 1004 0.125000
895 2021 0.125000
691 2417 0.125000
1004 2920 0.125000
472 1704 0.125000
110 472 0.125000
1068 2899 0.125000
1576 2174 0.125000
2899 2902 0.125000
478 3046 0.125000
516 2646 0.125000
1615 2646 0.125000
1359 2174 0.125000
1946 2899 0.125000
2899 2903 0.125000
83 1077 0.125000
83 3318 0.125000
2899 2901 0.125000
228 300 0.133333
616 2597 0.133333
228 2815 0.133333
177 2442 0.133333
2115 2967 0.133333
2166 2418 0.133333
616 2862 0.133333
637 1797 0.133333
2162 2622 0.133333
408 637 0.133333
1633 2622 0.133333
624 1318 0.133333
624 1272 0.133333
1117 1567 0.135747
314 1567 0.135747
2417 2637 0.138889
205 3076 0.142857
715 2405 0.142857
648 2575 0.142857
648 2574 0.142857
336 1600 0.142857
1600 3025 0.142857
1822 3271 0.142857
1136 2196 0.142857
2196 3266 0.142857
1180 2848 0.144444
637 2562 0.150000
361 2444 0.150000
815 2339 0.153846
736 2339 0.153846
2703 2966 0.156863
2580 2848 0.158730
1117 2166 0.160256
2166 2416 0.166667
466 936 0.166667
941 2667 0.166667
1219 2667 0.166667
807 2667 0.166667
428 1647 0.166667
2005 2731 0.166667
2005 2713 0.166667
2713 3232 0.166667
2731 3232 0.166667
1721 2670 0.166667
374 2368 0.166667
26 2729 0.166667
76 1861 0.166667
520 2380 0.166667
918 3080 0.166667
927 1135 0.166667
3072 3080 0.166667
26 222 0.166667
44 1227 0.166667
269 3236 0.166667
338 1227 0.166667
1365 1933 0.166667
1483 1821 0.166667
1504 1933 0.166667
1542 2420 0.166667
2380 2402 0.166667
76 2530 0.166667
484 1531 0.166667
1122 2991 0.166667
1589 2453 0.166667
2073 2592 0.166667
776 781 0.166667
1644 2247 0.166667
825 2855 0.166667
773 1647 0.166667
1517 2362 0.166667
1557 2321 0.166667
2320 2321 0.166667
2025 2977 0.166667
1012 2785 0.166667
500 3249 0.166667
620 2413 0.166667
620 2439 0.166667
303 3186 0.166667
2911 3317 0.166667
442 2911 0.166667
2002 2398 0.166667
661 1740 0.166667
1740 2638 0.166667
1117 2637 0.170940
27 2021 0.175000
2170 2703 0.176471
2702 2703 0.176471
373 616 0.177778
622 2637 0.177778
110 3274 0.181818
166 667 0.181818
392 2316 0.181818
123 1992 0.181818
798 1992 0.181818
91 1992 0.181818
488 667 0.181818
667 1243 0.181818
965 3013 0.181818
28 1578 0.181818
670 1565 0.181818
667 1187 0.181818
540 555 0.181818
667 3101 0.181818
2828 3000 0.181818
258 962 0.181818
2291 2828 0.181818
454 2828 0.181818
540 1945 0.181818
2415 2597 0.183333
453 807 0.184211
453 1219 0.184211
453 941 0.184211
137 1034 0.187500
101 2855 0.190476
2353 2354 0.190476
486 1570 0.200000
1536 2452 0.200000
1078 2510 0.200000
1440 2736 0.200000
1523 3172 0.200000
300 2815 0.200000
1676 2604 0.200000
1000 1545 0.200000
558 1145 0.200000
713 2554 0.200000
2360 2362 0.200000
2447 2451 0.200000
2447 2448 0.200000
2447 2449 0.200000
1180 1366 0.200000
525 705 0.200000
58 1416 0.200000
58 742 0.200000
622 1013 0.200000
717 1902 0.200000
1708 2637 0.200000
1755 2363 0.200000
1860 2092 0.200000
2092 2436 0.200000
557 725 0.200000
2509 2511 0.200000
1298 2092 0.200000
2176 2853 0.200000
1802 2323 0.200000
106 2643 0.200000
622 2597 0.200000
2021 2023 0.200000
1220 2672 0.200000
2473 2672 0.200000
1105 1894 0.200000
2064 2396 0.200000
1872 2655 0.200000
42 2655 0.200000
98 1406 0.200000
98 386 0.200000
886 1796 0.200000
886 2768 0.200000
886 2769 0.200000
1130 2728 0.200000
2435 3074 0.200000
2868 2870 0.200000
1058 1366 0.200000
1980 2655 0.200000
2396 2397 0.200000
2868 2869 0.200000
322 1879 0.200000
1342 2396 0.200000
1476 2655 0.200000
1657 2868 0.200000
1580 2183 0.208333
1517 1580 0.208333
1580 2361 0.208333
2230 2784 0.208333
993 2774 0.208333
16 1567 0.210084
453 2053 0.210526
208 2433 0.212121
381 2955 0.214286
219 2254 0.214286
377 715 0.214286
377 2405 0.214286
956 1461 0.214286
1989 3027 0.214286
1887 2431 0.214286
2955 2956 0.214286
267 1259 0.214286
551 1259 0.214286
876 3025 0.214286
336 876 0.214286
997 2703 0.220588
2063 2912 0.222222
1647 2626 0.222222
985 1275 0.222222
2444 2650 0.222222
575 620 0.222222
1742 2458 0.222222
2458 2459 0.222222
1033 1234 0.222222
2458 2461 0.222222
2626 3054 0.222222
512 620 0.222222
988 2458 0.222222
865 2692 0.222222
979 2458 0.222222
1804 2458 0.222222
1981 3020 0.222222
453 2786 0.223684
27 1290 0.225000
1567 1708 0.227451
1330 2369 0.228571
904 2369 0.228571
1214 2782 0.231933
220 1034 0.232143
81 2414 0.233333
591 1145 0.233333
1999 2578 0.238095
1071 2128 0.250000
1570 2356 0.250000
895 1012 0.250000
31 1759 0.250000
497 2974 0.250000
894 1070 0.250000
1710 2918 0.250000
1468 2350 0.250000
2920 3296 0.250000
1505 3273 0.250000
1948 2350 0.250000
2411 3273 0.250000
227 1809 0.250000
864 2874 0.250000
822 1043 0.250000
1034 1607 0.250000
1607 2475 0.250000
73 497 0.250000
497 2975 0.250000
431 869 0.250000
1809 3249 0.250000
445 509 0.250000
2513 2514 0.250000
1599 2116 0.250000
1190 2585 0.250000
2667 2786 0.250000
1044 1802 0.250000
431 2352 0.250000
2230 2860 0.250000
1401 1411 0.250000
1401 2790 0.250000
266 3298 0.250000
1724 2542 0.250000
65 1944 0.250000
644 2282 0.250000
1358 2919 0.250000
472 780 0.250000
1919 2259 0.250000
1944 2535 0.250000
51 2525 0.250000
818 1202 0.250000
885 2434 0.250000
1198 1724 0.250000
2703 2706 0.252101
438 2703 0.252101
208 1534 0.254545
361 2649 0.257143
1167 1894 0.266667
319 2220 0.266667
373 2490 0.277778
27 1012 0.283333
1683 2451 0.285714
940 1155 0.285714
1155 2467 0.285714
1683 2449 0.285714
877 940 0.285714
877 2467 0.285714
1683 2448 0.285714
124 1811 0.285714
388 2254 0.285714
598 1887 0.285714
1048 1143 0.285714
1292 1811 0.285714
1558 2331 0.285714
1849 2400 0.285714
2120 3009 0.285714
350 2399 0.285714
1655 3209 0.285714
1811 2102 0.285714
1811 2091 0.285714
1848 2401 0.285714
2281 2651 0.285714
2348 3040 0.285714
2400 3089 0.285714
101 1325 0.285714
336 3002 0.285714
648 651 0.285714
677 2199 0.285714
777 2261 0.285714
1811 3198 0.285714
2185 3149 0.285714
2348 3041 0.285714
2401 2924 0.285714
5 648 0.285714
48 2185 0.285714
576 1887 0.285714
599 1259 0.285714
1185 2955 0.285714
1224 2348 0.285714
1799 1811 0.285714
101 3161 0.285714
777 1691 0.285714
1143 3053 0.285714
1583 2387 0.285714
314 2637 0.290598
1411 1726 0.291667
1726 2790 0.291667
985 2443 0.291667
314 912 0.292308
1605 2418 0.294118
208 2703 0.294118
220 2475 0.297619
860 3296 0.300000
225 741 0.300000
414 1128 0.300000
1180 3025 0.300000
336 1180 0.300000
147 1439 0.300000
1052 2752 0.300000
58 284 0.300000
33 3197 0.300000
2180 3107 0.300000
58 2009 0.300000
122 2421 0.300000
422 2867 0.300000
544 1915 0.300000
1261 2481 0.300000
1624 3037 0.300000
1768 1964 0.300000
2442 2687 0.300000
2772 3272 0.300000
485 1052 0.300000
827 2421 0.300000
1915 2302 0.300000
2480 2481 0.300000
104 1768 0.300000
1532 1915 0.300000
993 2775 0.300000
229 2785 0.300000
314 2166 0.307692
2703 2705 0.308824
2063 2113 0.311111
924 2578 0.321429
616 1605 0.321569
1605 2416 0.328431
1534 2703 0.329412
212 783 0.333333
2128 2822 0.333333
2670 2672 0.333333
1721 2672 0.333333
1464 1551 0.333333
2514 3241 0.333333
616 622 0.333333
1225 1932 0.333333
1699 2369 0.333333
677 985 0.333333
994 2224 0.333333
1355 2984 0.333333
2358 2431 0.333333
579 1531 0.333333
1253 1510 0.333333
132 1322 0.333333
875 1257 0.333333
1923 2183 0.333333
49 1510 0.333333
222 2634 0.333333
1032 3241 0.333333
1018 3241 0.333333
2032 2299 0.333333
242 2032 0.333333
2224 2675 0.333333
875 2797 0.333333
172 1557 0.333333
172 2320 0.333333
630 2319 0.333333
1613 2058 0.333333
908 2708 0.333333
1313 1462 0.333333
2613 2614 0.333333
19 3308 0.333333
214 2928 0.333333
723 1088 0.333333
1092 3185 0.333333
2154 2993 0.333333
190 3184 0.333333
630 1757 0.333333
705 2577 0.333333
2254 3093 0.333333
1461 2601 0.333333
1271 1461 0.333333
1398 2110 0.333333
616 2415 0.333333
273 416 0.333333
1155 1379 0.333333
877 1379 0.333333
2066 2562 0.333333
1651 3304 0.333333
1709 2948 0.333333
310 1878 0.333333
734 3304 0.333333
794 1041 0.333333
1211 2780 0.333333
1878 2936 0.333333
1286 2366 0.333333
421 2275 0.333333
515 1383 0.333333
675 2875 0.333333
1232 2211 0.333333
1341 1925 0.333333
348 399 0.333333
515 3299 0.333333
721 2683 0.333333
769 1016 0.333333
1016 1866 0.333333
2022 3312 0.333333
3 1431 0.333333
204 3087 0.333333
278 2469 0.333333
417 915 0.333333
458 2233 0.333333
524 2787 0.333333
711 3102 0.333333
721 1485 0.333333
884 2512 0.333333
1237 3219 0.333333
1363 2512 0.333333
204 1434 0.333333
524 2938 0.333333
711 3103 0.333333
884 1172 0.333333
1172 1363 0.333333
1430 1973 0.333333
2255 2486 0.333333
2472 2473 0.333333
1220 1629 0.333333
1557 3227 0.333333
1629 2473 0.333333
1220 2472 0.333333
2320 3227 0.333333
20 3080 0.333333
231 875 0.333333
738 3241 0.333333
61 1514 0.333333
76 1132 0.333333
114 2677 0.333333
218 1482 0.333333
487 1140 0.333333
744 2235 0.333333
1035 1051 0.333333
2080 2661 0.333333
2329 2682 0.333333
2670 2671 0.333333
114 1538 0.333333
228 3012 0.333333
269 3234 0.333333
317 411 0.333333
482 833 0.333333
510 2827 0.333333
1011 2148 0.333333
1326 1408 0.333333
1727 1865 0.333333
1777 2224 0.333333
114 2074 0.333333
228 1233 0.333333
744 3275 0.333333
1011 2330 0.333333
1903 2493 0.333333
2080 2662 0.333333
2372 2374 0.333333
53 61 0.333333
88 3156 0.333333
114 553 0.333333
114 1686 0.333333
132 1329 0.333333
269 3235 0.333333
396 2887 0.333333
482 830 0.333333
972 1736 0.333333
1035 1206 0.333333
1393 1721 0.333333
1721 1959 0.333333
1850 1933 0.333333
1865 2283 0.333333
1933 3008 0.333333
1976 2827 0.333333
2487 2489 0.333333
3080 3081 0.333333
3286 3287 0.333333
287 1011 0.333333
420 1933 0.333333
674 1865 0.333333
708 3156 0.333333
761 2375 0.333333
1685 3133 0.333333
16 1013 0.342857
428 1439 0.350000
314 373 0.350427
218 1718 0.357143
16 2415 0.357143
1012 2023 0.366667
13 1167 0.366667
404 2703 0.367647
1471 2954 0.375000
895 1290 0.375000
51 1607 0.375000
374 1411 0.375000
374 2790 0.375000
16 2597 0.380952
336 561 0.380952
2581 3025 0.380952
336 2581 0.380952
561 3025 0.380952
1022 1461 0.380952
912 1117 0.392308
912 1605 0.394118
373 1605 0.398693
427 1705 0.400000
1705 2559 0.400000
558 2414 0.400000
225 3203 0.400000
225 1066 0.400000
229 895 0.400000
616 1708 0.400000
622 2418 0.400000
1580 2362 0.400000
428 773 0.400000
622 912 0.400000
414 2565 0.400000
1290 2023 0.400000
860 2920 0.400000
591 2414 0.400000
212 2835 0.400000
106 155 0.400000
839 1357 0.400000
2835 3076 0.400000
1676 2554 0.400000
881 2364 0.400000
33 3326 0.400000
245 3189 0.400000
530 1017 0.400000
850 2024 0.400000
1145 2152 0.400000
2092 3222 0.400000
2497 3288 0.400000
2739 2741 0.400000
33 824 0.400000
47 3130 0.400000
47 1098 0.400000
47 820 0.400000
245 3124 0.400000
318 717 0.400000
401 2739 0.400000
476 2203 0.400000
530 1966 0.400000
530 1641 0.400000
557 1922 0.400000
695 2791 0.400000
717 3311 0.400000
860 2177 0.400000
872 1665 0.400000
906 2567 0.400000
950 2292 0.400000
981 2311 0.400000
998 1315 0.400000
1484 1920 0.400000
1787 2209 0.400000
1936 2974 0.400000
2292 2913 0.400000
2673 3284 0.400000
1540 2363 0.400000
47 1388 0.400000
160 2716 0.400000
225 1528 0.400000
244 906 0.400000
249 906 0.400000
296 2853 0.400000
406 1296 0.400000
449 1543 0.400000
462 476 0.400000
586 2556 0.400000
669 2492 0.400000
695 2792 0.400000
733 1296 0.400000
905 1484 0.400000
906 2568 0.400000
949 2579 0.400000
998 3314 0.400000
1002 2085 0.400000
1008 1668 0.400000
1138 2767 0.400000
1226 2853 0.400000
1242 2311 0.400000
1285 1523 0.400000
1324 2817 0.400000
1385 2452 0.400000
1457 2156 0.400000
1486 1864 0.400000
1523 3170 0.400000
1618 1864 0.400000
1652 2733 0.400000
1827 3204 0.400000
2070 2736 0.400000
2352 2407 0.400000
2491 2492 0.400000
634 2132 0.416667
813 1874 0.416667
1022 1302 0.416667
622 2416 0.416667
912 2416 0.416667
1157 1281 0.416667
1281 2234 0.416667
404 1534 0.425000
373 1117 0.427350
16 2166 0.428571
16 1708 0.428571
336 2580 0.428571
2580 3025 0.428571
1708 2418 0.433333
16 2416 0.440476
16 1605 0.441176
373 2416 0.444444
16 2418 0.457143
404 1718 0.464286
840 2559 0.466667
427 840 0.466667
3036 3203 0.466667
1066 3036 0.466667
2554 2555 0.466667
217 2867 0.466667
1603 2867 0.466667
265 2452 0.466667
1117 1605 0.488688
371 3071 0.500000
81 1527 0.500000
591 1527 0.500000
1105 1167 0.500000
1044 1619 0.500000
416 2645 0.500000
1492 2565 0.500000
1346 2874 0.500000
1710 2215 0.500000
889 2799 0.500000
1708 2416 0.500000
1268 2352 0.500000
1080 2595 0.500000
588 828 0.500000
588 2537 0.500000
641 2595 0.500000
1523 3171 0.500000
2094 2974 0.500000
2736 3034 0.500000
142 1455 0.500000
381 1457 0.500000
1457 2956 0.500000
1523 3169 0.500000
1321 3230 0.500000
1761 2565 0.500000
829 1505 0.500000
829 2411 0.500000
402 1414 0.500000
767 1321 0.500000
790 1545 0.500000
912 1708 0.500000
357 1948 0.500000
1571 3117 0.500000
1571 3118 0.500000
1119 1577 0.500000
1505 2411 0.500000
1123 2343 0.500000
2041 2462 0.500000
1828 2406 0.500000
1144 1282 0.500000
179 2436 0.500000
179 1298 0.500000
181 1262 0.500000
1144 1396 0.500000
1571 3119 0.500000
495 1262 0.500000
1262 2825 0.500000
1144 2382 0.500000
179 1860 0.500000
497 1779 0.500000
1302 1461 0.500000
1180 1600 0.500000
1672 2353 0.500000
774 2606 0.500000
878 2313 0.500000
974 1891 0.500000
774 1562 0.500000
1308 1769 0.500000
208 2966 0.500000
371 1746 0.500000
889 1430 0.500000
922 1246 0.500000
2464 3120 0.500000
362 2340 0.500000
1076 1589 0.500000
654 2515 0.500000
2338 2340 0.500000
445 2891 0.500000
1901 2648 0.500000
2047 2991 0.500000
642 2464 0.500000
397 1522 0.500000
2772 2773 0.500000
87 1710 0.500000
100 1026 0.500000
157 1178 0.500000
398 1843 0.500000
460 3263 0.500000
1026 2158 0.500000
1675 2543 0.500000
1760 3114 0.500000
2545 2799 0.500000
2603 2669 0.500000
422 2237 0.500000
959 1949 0.500000
292 2141 0.500000
664 1203 0.500000
664 2438 0.500000
1063 2543 0.500000
1218 1868 0.500000
1858 2031 0.500000
1868 3068 0.500000
1949 3075 0.500000
3030 3263 0.500000
3228 3236 0.500000
139 958 0.500000
292 2854 0.500000
569 3153 0.500000
747 960 0.500000
1696 1760 0.500000
1542 2558 0.500000
242 2299 0.500000
110 1551 0.500000
273 1417 0.500000
2444 2649 0.500000
904 2371 0.500000
1330 2371 0.500000
27 229 0.500000
2357 2358 0.500000
1030 2354 0.500000
1640 2183 0.500000
1726 2368 0.500000
218 2433 0.500000
1369 3071 0.500000
371 1369 0.500000
526 920 0.500000
920 1832 0.500000
1832 2163 0.500000
2573 2574 0.500000
526 2163 0.500000
1469 2163 0.500000
920 1469 0.500000
2573 2575 0.500000
75 1697 0.500000
102 1639 0.500000
109 1454 0.500000
109 2658 0.500000
156 3084 0.500000
286 2674 0.500000
292 594 0.500000
390 871 0.500000
574 2049 0.500000
696 1236 0.500000
749 1195 0.500000
812 1789 0.500000
1021 1188 0.500000
1026 3157 0.500000
1115 3042 0.500000
1159 2754 0.500000
1173 2796 0.500000
1321 3229 0.500000
1568 2766 0.500000
1733 3305 0.500000
1818 2030 0.500000
1956 2759 0.500000
2153 3202 0.500000
2309 3168 0.500000
2460 3142 0.500000
2950 2951 0.500000
3108 3109 0.500000
162 1070 0.500000
188 2619 0.500000
206 772 0.500000
382 696 0.500000
475 3295 0.500000
502 517 0.500000
693 2182 0.500000
704 2722 0.500000
714 1083 0.500000
745 2921 0.500000
782 2945 0.500000
867 1173 0.500000
1042 3045 0.500000
1299 2406 0.500000
1490 2033 0.500000
1732 2033 0.500000
1844 2460 0.500000
1926 2945 0.500000
1985 2909 0.500000
2045 2783 0.500000
2355 2356 0.500000
34 75 0.500000
68 2411 0.500000
77 1222 0.500000
78 2043 0.500000
102 2198 0.500000
209 1991 0.500000
331 1278 0.500000
390 2103 0.500000
455 1656 0.500000
536 2477 0.500000
663 2385 0.500000
683 2558 0.500000
729 2977 0.500000
791 2309 0.500000
812 2963 0.500000
955 3144 0.500000
1159 2755 0.500000
1191 3108 0.500000
1254 2722 0.500000
1450 1505 0.500000
1463 2704 0.500000
1595 2945 0.500000
1654 2312 0.500000
1679 3295 0.500000
1949 3208 0.500000
75 1300 0.500000
102 1748 0.500000
109 1819 0.500000
159 465 0.500000
286 1466 0.500000
431 1174 0.500000
503 1529 0.500000
565 2484 0.500000
613 2603 0.500000
747 1723 0.500000
756 2385 0.500000
772 1546 0.500000
853 2252 0.500000
970 1949 0.500000
1083 3069 0.500000
1144 1556 0.500000
1159 2086 0.500000
1222 2684 0.500000
1353 2900 0.500000
1529 3199 0.500000
1577 1882 0.500000
1642 2474 0.500000
1719 2589 0.500000
1733 3306 0.500000
1743 2033 0.500000
1767 2168 0.500000
1828 2077 0.500000
1870 2945 0.500000
2040 2957 0.500000
2062 3160 0.500000
2252 3231 0.500000
2309 3167 0.500000
2342 2878 0.500000
2385 2386 0.500000
2440 2441 0.500000
2722 2723 0.500000
2863 2864 0.500000
3045 3187 0.500000
3108 3110 0.500000
3144 3145 0.500000
3172 3173 0.500000
16 622 0.509524
16 616 0.514286
1718 2433 0.523810
2269 2332 0.523810
314 1605 0.529412
58 740 0.533333
1902 2976 0.533333
2147 2421 0.533333
2209 2555 0.533333
588 1255 0.533333
1582 2032 0.533333
1484 2912 0.533333
558 591 0.533333
1034 2475 0.541667
16 314 0.549451
1676 2588 0.550000
373 1708 0.555556
561 1180 0.566667
1180 2581 0.566667
208 438 0.571429
208 2706 0.571429
59 2826 0.571429
438 1718 0.571429
144 2110 0.583333
1761 2429 0.583333
719 1190 0.583333
1718 2705 0.589286
622 1117 0.589744
265 2220 0.600000
229 2023 0.600000
160 2133 0.600000
2814 2815 0.600000
160 926 0.600000
106 2776 0.600000
1471 2494 0.600000
427 2114 0.600000
427 1560 0.600000
1560 2559 0.600000
904 1699 0.600000
1330 1699 0.600000
2114 2559 0.600000
1619 2323 0.600000
2423 2424 0.600000
2494 2954 0.600000
1 2933 0.600000
1093 2423 0.600000
27 2023 0.600000
1066 3204 0.600000
3203 3204 0.600000
1002 1200 0.600000
142 2734 0.600000
208 1718 0.623377
208 2705 0.625000
1180 2580 0.642857
471 1676 0.650000
414 2429 0.650000
2132 2275 0.666667
1551 2269 0.666667
584 1039 0.666667
584 2531 0.666667
473 2524 0.666667
2202 2524 0.666667
2161 2424 0.666667
2113 2912 0.666667
1093 2161 0.666667
1093 1990 0.666667
1 158 0.666667
1990 2424 0.666667
1757 2319 0.666667
703 2745 0.666667
1333 2594 0.666667
494 2025 0.666667
304 2025 0.666667
394 2594 0.666667
1986 2594 0.666667
314 622 0.666667
649 2495 0.666667
347 2527 0.666667
2974 2975 0.666667
794 1357 0.666667
869 2352 0.666667
1551 2332 0.666667
783 3076 0.666667
81 591 0.666667
1435 2898 0.666667
110 1704 0.666667
1704 2332 0.666667
1858 3035 0.666667
602 958 0.666667
226 2713 0.666667
741 3036 0.666667
1156 1738 0.666667
1252 3119 0.666667
2517 2751 0.666667
3230 3254 0.666667
725 966 0.666667
767 3254 0.666667
1889 2751 0.666667
2381 2382 0.666667
672 1738 0.666667
1128 1761 0.666667
1396 2381 0.666667
213 3073 0.666667
742 1380 0.666667
917 2176 0.666667
1282 2381 0.666667
1380 1416 0.666667
217 1319 0.666667
2555 2604 0.666667
822 2498 0.666667
1319 1603 0.666667
141 1036 0.666667
149 364 0.666667
193 572 0.666667
324 3116 0.666667
393 566 0.666667
403 3185 0.666667
446 2388 0.666667
452 2214 0.666667
496 861 0.666667
679 1979 0.666667
702 2928 0.666667
707 2028 0.666667
758 2960 0.666667
795 2679 0.666667
814 908 0.666667
971 2529 0.666667
1067 3021 0.666667
1118 1194 0.666667
1378 2907 0.666667
1572 3049 0.666667
1628 2155 0.666667
2165 2561 0.666667
2288 2541 0.666667
19 1338 0.666667
41 3309 0.666667
54 728 0.666667
135 1566 0.666667
148 2068 0.666667
152 2546 0.666667
161 3070 0.666667
165 1994 0.666667
198 2001 0.666667
230 1968 0.666667
316 2932 0.666667
399 957 0.666667
508 3248 0.666667
515 1498 0.666667
572 1998 0.666667
730 2987 0.666667
854 2620 0.666667
861 1171 0.666667
873 2693 0.666667
891 1108 0.666667
935 2590 0.666667
951 1638 0.666667
992 1421 0.666667
1072 1309 0.666667
1079 1950 0.666667
1088 2953 0.666667
1153 3079 0.666667
1194 2246 0.666667
1311 2607 0.666667
1341 3151 0.666667
1349 1749 0.666667
1462 2039 0.666667
1610 1744 0.666667
1616 1752 0.666667
1650 2888 0.666667
1883 2678 0.666667
2469 2470 0.666667
2660 3255 0.666667
2668 2846 0.666667
2989 2990 0.666667
3066 3067 0.666667
3090 3091 0.666667
41 606 0.666667
60 2992 0.666667
64 1431 0.666667
82 2271 0.666667
126 204 0.666667
128 1041 0.666667
161 2003 0.666667
161 2735 0.666667
165 944 0.666667
184 1825 0.666667
198 2327 0.666667
224 1622 0.666667
255 2277 0.666667
291 873 0.666667
297 513 0.666667
312 2644 0.666667
346 1663 0.666667
407 1364 0.666667
440 3047 0.666667
506 3213 0.666667
531 2610 0.666667
543 2561 0.666667
572 1024 0.666667
652 2214 0.666667
660 1481 0.666667
743 2140 0.666667
748 2668 0.666667
778 3223 0.666667
811 1970 0.666667
854 1521 0.666667
873 3225 0.666667
891 2471 0.666667
891 2087 0.666667
900 1072 0.666667
915 2301 0.666667
921 1280 0.666667
935 3233 0.666667
951 2656 0.666667
951 3154 0.666667
953 2298 0.666667
990 1223 0.666667
992 2242 0.666667
996 3116 0.666667
999 1754 0.666667
1060 1979 0.666667
1075 2780 0.666667
1092 1579 0.666667
1141 1241 0.666667
1147 1449 0.666667
1151 1847 0.666667
1153 3078 0.666667
1182 2960 0.666667
1194 3280 0.666667
1196 1791 0.666667
1221 2054 0.666667
1237 1553 0.666667
1263 2529 0.666667
1303 3047 0.666667
1305 3021 0.666667
1348 2276 0.666667
1354 2812 0.666667
1364 2240 0.666667
1381 2553 0.666667
1409 2738 0.666667
1606 2691 0.666667
1610 3022 0.666667
1785 2346 0.666667
1792 3265 0.666667
1824 1883 0.666667
1851 3125 0.666667
1878 2446 0.666667
1979 2800 0.666667
1984 2989 0.666667
2022 2273 0.666667
2038 2907 0.666667
2050 2587 0.666667
2090 2949 0.666667
2149 2789 0.666667
2214 3290 0.666667
2289 2907 0.666667
2304 2528 0.666667
2333 2334 0.666667
2610 2611 0.666667
2614 3292 0.666667
2685 2686 0.666667
2690 2691 0.666667
2737 2738 0.666667
3115 3116 0.666667
208 404 0.681818
2649 2650 0.698413
895 2023 0.700000
713 2588 0.700000
155 2776 0.700000
1536 2220 0.700000
1117 1708 0.712821
314 1708 0.728205
1560 1705 0.733333
1705 2114 0.733333
404 2966 0.750000
1417 2645 0.750000
1179 1707 0.750000
405 2179 0.750000
760 1707 0.750000
1119 2552 0.750000
2462 3224 0.750000
3169 3172 0.750000
267 749 0.750000
1084 2343 0.750000
1084 1123 0.750000
1165 2462 0.750000
3171 3172 0.750000
96 1322 0.750000
1123 1855 0.750000
1392 2634 0.750000
1577 2552 0.750000
2041 3224 0.750000
405 1660 0.750000
431 1268 0.750000
551 749 0.750000
832 1779 0.750000
1440 3034 0.750000
574 2267 0.750000
1165 2041 0.750000
2426 3027 0.750000
574 1109 0.750000
1392 3212 0.750000
1455 2734 0.750000
1855 2343 0.750000
1064 2527 0.750000
813 2770 0.750000
500 1809 0.750000
283 3252 0.750000
926 934 0.750000
934 2133 0.750000
283 1596 0.750000
1746 3071 0.750000
212 3076 0.750000
1605 1708 0.760784
622 1605 0.784314
404 2706 0.821429
574 1518 0.833333
1043 2498 0.833333
172 2322 0.833333
239 1321 0.833333
1211 2779 0.833333
357 2350 0.833333
840 2477 0.833333
1999 2212 0.833333
331 1709 0.833333
2718 2720 0.833333
443 2406 0.833333
857 2406 0.833333
857 1828 0.833333
1018 2514 0.833333
443 1828 0.833333
1032 2514 0.833333
1704 2269 0.833333
1551 1704 0.833333
71 660 0.833333
325 3184 0.833333
328 660 0.833333
335 723 0.833333
484 1210 0.833333
960 2501 0.833333
1049 2463 0.833333
1662 3185 0.833333
19 1451 0.833333
186 2883 0.833333
730 2985 0.833333
60 916 0.833333
60 793 0.833333
120 1650 0.833333
190 325 0.833333
234 2391 0.833333
248 297 0.833333
335 1088 0.833333
587 2840 0.833333
792 2476 0.833333
792 2160 0.833333
1092 1662 0.833333
1313 3246 0.833333
1695 3090 0.833333
1702 1774 0.833333
2271 3268 0.833333
44 1845 0.833333
139 602 0.833333
200 2842 0.833333
337 1650 0.833333
338 2642 0.833333
380 2155 0.833333
730 2986 0.833333
889 2545 0.833333
1006 2762 0.833333
1279 2628 0.833333
1451 3308 0.833333
1462 3246 0.833333
1483 1795 0.833333
1548 2271 0.833333
1569 2708 0.833333
1624 3038 0.833333
1747 2121 0.833333
2031 3035 0.833333
2627 2628 0.833333
2842 2843 0.833333
69 1178 0.833333
80 3029 0.833333
87 2215 0.833333
176 2679 0.833333
177 2687 0.833333
297 1669 0.833333
545 1046 0.833333
611 2605 0.833333
629 1717 0.833333
673 3261 0.833333
1085 3139 0.833333
1702 1711 0.833333
2121 2390 0.833333
2155 3188 0.833333
2679 2750 0.833333
2762 2999 0.833333
3049 3050 0.833333
3139 3244 0.833333
80 359 0.833333
629 2630 0.833333
673 1293 0.833333
908 1569 0.833333
1441 2669 0.833333
2037 3090 0.833333
1435 2730 0.850000
160 934 0.850000
180 351 0.850000
351 2639 0.850000
808 2562 0.850000
438 2966 0.857143
622 1708 0.866667
1044 2323 0.866667
2705 2966 0.875000
404 2705 0.875000
373 912 0.888889
81 558 0.900000
1045 3252 0.916667
1596 3253 0.916667
2730 2898 0.916667
3252 3253 0.916667
1045 1596 0.916667
1271 1302 0.916667
1302 2601 0.916667
1392 2857 0.916667
73 1779 0.916667
265 1536 0.916667
1071 2822 0.916667
2705 2706 0.964286
2706 2966 0.976190
713 1676 1.000000
438 2705 1.000000
561 2580 1.000000
2580 2581 1.000000
2429 2565 1.000000
1252 3118 1.000000
1340 2855 1.000000
239 3230 1.000000
1252 3117 1.000000
239 767 1.000000
740 742 1.000000
740 1416 1.000000
438 2706 1.000000
310 2937 1.000000
901 1436 1.000000
73 832 1.000000
523 2349 1.000000
542 1020 1.000000
655 687 1.000000
687 3200 1.000000
688 1928 1.000000
828 1255 1.000000
1109 1518 1.000000
1640 1923 1.000000
2094 2975 1.000000
2936 2937 1.000000
542 2295 1.000000
655 3201 1.000000
1436 1810 1.000000
219 3093 1.000000
279 2326 1.000000
279 688 1.000000
293 1874 1.000000
523 1840 1.000000
956 1022 1.000000
1255 2537 1.000000
1518 2267 1.000000
3200 3201 1.000000
1928 2326 1.000000
2857 3212 1.000000
994 2675 1.000000
1257 2797 1.000000
108 2137 1.000000
564 3048 1.000000
623 632 1.000000
991 1474 1.000000
1866 2081 1.000000
3103 3267 1.000000
3 3219 1.000000
7 2137 1.000000
25 2057 1.000000
538 632 1.000000
769 2081 1.000000
943 2010 1.000000
3102 3267 1.000000
7 1833 1.000000
56 2609 1.000000
79 298 1.000000
108 1833 1.000000
278 2015 1.000000
538 1506 1.000000
564 1477 1.000000
623 1506 1.000000
943 1554 1.000000
991 2557 1.000000
1129 2513 1.000000
1443 2013 1.000000
1554 3044 1.000000
1734 2013 1.000000
2010 3044 1.000000
2608 2609 1.000000
2787 2788 1.000000
2788 2938 1.000000
471 2588 1.000000
23 1942 1.000000
86 1488 1.000000
90 3277 1.000000
93 2939 1.000000
105 976 1.000000
121 3137 1.000000
125 831 1.000000
195 1407 1.000000
211 1444 1.000000
257 720 1.000000
271 1266 1.000000
285 1418 1.000000
299 1057 1.000000
301 1204 1.000000
308 2930 1.000000
341 1869 1.000000
344 3289 1.000000
365 1150 1.000000
370 2157 1.000000
448 888 1.000000
490 1394 1.000000
499 2274 1.000000
511 625 1.000000
514 2809 1.000000
521 964 1.000000
537 836 1.000000
562 1735 1.000000
568 1839 1.000000
578 2225 1.000000
581 1750 1.000000
604 692 1.000000
605 859 1.000000
619 2290 1.000000
625 2376 1.000000
635 2922 1.000000
639 2753 1.000000
640 3214 1.000000
666 3140 1.000000
671 1960 1.000000
694 2965 1.000000
700 2035 1.000000
727 1682 1.000000
764 1424 1.000000
765 2124 1.000000
779 932 1.000000
802 1573 1.000000
806 1537 1.000000
826 2712 1.000000
903 2145 1.000000
933 1977 1.000000
967 2701 1.000000
980 2098 1.000000
1003 1801 1.000000
1010 1703 1.000000
1047 3237 1.000000
1069 2504 1.000000
1102 2602 1.000000
1106 2403 1.000000
1107 2496 1.000000
1120 1659 1.000000
1142 1217 1.000000
1175 2958 1.000000
1213 2325 1.000000
1244 2944 1.000000
1245 2482 1.000000
1320 2629 1.000000
1356 1762 1.000000
1372 1841 1.000000
1373 1885 1.000000
1377 1438 1.000000
1386 1635 1.000000
1390 2173 1.000000
1402 2243 1.000000
1456 2188 1.000000
1487 2138 1.000000
1494 2239 1.000000
1499 3135 1.000000
1509 3056 1.000000
1513 2300 1.000000
1524 3032 1.000000
1581 3242 1.000000
1598 2285 1.000000
1626 2856 1.000000
1649 1805 1.000000
1664 3092 1.000000
1722 2970 1.000000
1750 3321 1.000000
1781 2659 1.000000
1784 2231 1.000000
1837 2811 1.000000
1838 2187 1.000000
1859 2221 1.000000
1880 3150 1.000000
2012 2746 1.000000
2014 3088 1.000000
2029 3205 1.000000
2072 2943 1.000000
2109 2906 1.000000
2127 2841 1.000000
2167 3131 1.000000
2175 2307 1.000000
2190 2207 1.000000
2263 2408 1.000000
2599 3300 1.000000
2617 2618 1.000000
2623 2624 1.000000
2764 2765 1.000000
2896 2897 1.000000
3003 3004 1.000000
3135 3136 1.000000
17 2150 1.000000
29 2838 1.000000
40 631 1.000000
52 274 1.000000
86 1857 1.000000
121 1911 1.000000
232 252 1.000000
259 1637 1.000000
288 1361 1.000000
299 1134 1.000000
321 3083 1.000000
326 3085 1.000000
340 1050 1.000000
342 678 1.000000
344 2238 1.000000
352 3293 1.000000
389 2111 1.000000
448 1090 1.000000
463 2540 1.000000
469 1101 1.000000
474 3055 1.000000
490 2858 1.000000
514 2810 1.000000
560 2191 1.000000
568 3023 1.000000
609 684 1.000000
639 1893 1.000000
640 1935 1.000000
668 1294 1.000000
757 1420 1.000000
775 1376 1.000000
784 1715 1.000000
831 3063 1.000000
837 3283 1.000000
863 1780 1.000000
903 2969 1.000000
911 3060 1.000000
914 1794 1.000000
933 1905 1.000000
975 1295 1.000000
980 1645 1.000000
984 2046 1.000000
986 2419 1.000000
1059 1337 1.000000
1069 2503 1.000000
1073 3303 1.000000
1106 2757 1.000000
1184 2186 1.000000
1199 1993 1.000000
1249 2280 1.000000
1316 3015 1.000000
1328 3162 1.000000
1391 2756 1.000000
1428 1884 1.000000
1433 3065 1.000000
1563 3062 1.000000
1626 1897 1.000000
1664 3297 1.000000
1706 2270 1.000000
1806 2865 1.000000
1814 2143 1.000000
1846 3247 1.000000
1906 3155 1.000000
1962 3031 1.000000
2007 3270 1.000000
2014 2172 1.000000
2017 2410 1.000000
2027 2781 1.000000
2083 2106 1.000000
2142 2971 1.000000
2151 2717 1.000000
2178 3240 1.000000
2308 2698 1.000000
2337 2430 1.000000
2522 2523 1.000000
2569 3250 1.000000
2570 2831 1.000000
2635 3024 1.000000
2653 3291 1.000000
2694 2695 1.000000
2696 2697 1.000000
2747 2748 1.000000
2805 2908 1.000000
2832 2833 1.000000
2889 2890 1.000000
2905 3175 1.000000
2980 2981 1.000000
3003 3005 1.000000
3019 3159 1.000000
3094 3095 1.000000
3176 3177 1.000000
3256 3281 1.000000
9 1007 1.000000
21 1073 1.000000
46 3237 1.000000
67 1960 1.000000
74 2365 1.000000
85 2893 1.000000
103 2130 1.000000
112 1249 1.000000
134 874 1.000000
173 519 1.000000
182 2262 1.000000
201 1701 1.000000
210 3183 1.000000
240 2942 1.000000
260 2749 1.000000
261 288 1.000000
290 2701 1.000000
323 697 1.000000
327 1382 1.000000
354 3006 1.000000
363 800 1.000000
368 1199 1.000000
376 2300 1.000000
418 1207 1.000000
424 3163 1.000000
437 2922 1.000000
457 1438 1.000000
459 2099 1.000000
498 2652 1.000000
505 1729 1.000000
539 1783 1.000000
554 799 1.000000
556 969 1.000000
593 2325 1.000000
597 3174 1.000000
608 2889 1.000000
612 1316 1.000000
617 2290 1.000000
656 2940 1.000000
659 1720 1.000000
724 2293 1.000000
752 1204 1.000000
754 2923 1.000000
762 2337 1.000000
789 3176 1.000000
797 2305 1.000000
801 1391 1.000000
907 1706 1.000000
1038 2082 1.000000
1040 2877 1.000000
1089 1400 1.000000
1161 2714 1.000000
1168 1814 1.000000
1216 1801 1.000000
1288 1648 1.000000
1314 3094 1.000000
1367 2947 1.000000
1371 1962 1.000000
1465 2832 1.000000
1489 1805 1.000000
1539 2653 1.000000
1544 2895 1.000000
1612 2307 1.000000
1653 1714 1.000000
1690 2221 1.000000
1788 2251 1.000000
1856 2979 1.000000
1895 2383 1.000000
1924 3147 1.000000
1988 2408 1.000000
2016 2569 1.000000
2096 2958 1.000000
2125 2821 1.000000
2144 2250 1.000000
2248 2285 1.000000
2286 2965 1.000000
2392 2393 1.000000
2394 2395 1.000000
2904 2905 1.000000
1066 3203 1.200000
1772 2222 1.200000
1093 2424 1.200000
180 2639 1.250000
1596 3252 1.250000
310 2936 1.333333
655 3200 1.333333
217 1603 1.333333
279 1928 1.333333
590 2206 1.333333
734 1651 1.333333
901 1810 1.333333
1039 2531 1.333333
1584 2379 1.333333
1840 2349 1.333333
2640 2641 1.333333
3117 3118 1.333333
97 1201 1.333333
1271 2601 1.333333
1018 1032 1.333333
1201 2572 1.333333
1990 2161 1.333333
97 2572 1.333333
97 902 1.333333
443 857 1.333333
902 2572 1.333333
902 1201 1.333333
1045 3253 1.333333
120 337 1.500000
146 1248 1.500000
176 2750 1.500000
200 2843 1.500000
284 2009 1.500000
544 2302 1.500000
633 1470 1.500000
793 916 1.500000
1099 1530 1.500000
1192 2793 1.500000
1203 2438 1.500000
1218 3068 1.500000
1306 3181 1.500000
1627 1938 1.500000
1711 1774 1.500000
1861 2530 1.500000
1908 3302 1.500000
2985 2986 1.500000
3057 3059 1.500000
8 178 1.500000
14 1248 1.500000
71 328 1.500000
84 653 1.500000
94 1192 1.500000
248 1669 1.500000
282 1163 1.500000
380 3188 1.500000
485 2752 1.500000
520 2402 1.500000
529 1958 1.500000
918 3072 1.500000
959 3075 1.500000
1063 1675 1.500000
1261 2480 1.500000
1279 2627 1.500000
1306 3180 1.500000
1365 1504 1.500000
1548 3268 1.500000
1623 1938 1.500000
1908 3301 1.500000
3057 3058 1.500000
14 146 1.500000
94 2793 1.500000
100 2158 1.500000
104 1964 1.500000
122 827 1.500000
359 3029 1.500000
383 989 1.500000
1006 2999 1.500000
1085 3244 1.500000
1293 3261 1.500000
1623 1627 1.500000
1695 2037 1.500000
1696 3114 1.500000
1717 2630 1.500000
1747 2390 1.500000
1917 3282 1.500000
2141 2854 1.500000
2160 2476 1.500000
2284 2297 1.500000
3058 3059 1.500000
3180 3181 1.500000
3301 3302 1.500000
0 628 2.000000
2 3285 2.000000
4 467 2.000000
6 1501 2.000000
11 2034 2.000000
15 2521 2.000000
35 89 2.000000
36 763 2.000000
37 1745 2.000000
45 939 2.000000
63 1053 2.000000
111 251 2.000000
116 3310 2.000000
117 367 2.000000
127 143 2.000000
129 1240 2.000000
133 1631 2.000000
140 1713 2.000000
145 3121 2.000000
163 3182 2.000000
164 2409 2.000000
171 425 2.000000
174 1289 2.000000
175 2941 2.000000
183 2946 2.000000
185 3278 2.000000
187 199 2.000000
196 2508 2.000000
202 1594 2.000000
207 270 2.000000
233 2079 2.000000
235 256 2.000000
238 735 2.000000
262 1597 2.000000
264 1267 2.000000
277 3238 2.000000
281 646 2.000000
295 3061 2.000000
305 2929 2.000000
306 1368 2.000000
309 1680 2.000000
315 1124 2.000000
320 2962 2.000000
334 1692 2.000000
343 1773 2.000000
345 1452 2.000000
349 2760 2.000000
355 1121 2.000000
360 477 2.000000
366 2061 2.000000
369 580 2.000000
375 1793 2.000000
384 1930 2.000000
385 1700 2.000000
387 2808 2.000000
391 2995 2.000000
400 862 2.000000
415 2533 2.000000
423 1756 2.000000
426 2129 2.000000
432 2983 2.000000
436 2317 2.000000
456 1592 2.000000
461 1508 2.000000
470 1982 2.000000
479 3105 2.000000
480 571 2.000000
481 2236 2.000000
507 2834 2.000000
522 1830 2.000000
534 2287 2.000000
570 1786 2.000000
583 2384 2.000000
589 3096 2.000000
596 3191 2.000000
601 3192 2.000000
614 849 2.000000
621 1790 2.000000
626 2126 2.000000
636 3258 2.000000
643 1741 2.000000
645 3315 2.000000
657 658 2.000000
662 2260 2.000000
665 2256 2.000000
685 2961 2.000000
699 1347 2.000000
701 1712 2.000000
712 1177 2.000000
718 2241 2.000000
731 2310 2.000000
732 1250 2.000000
739 2213 2.000000
750 1065 2.000000
753 1947 2.000000
759 1512 2.000000
766 1037 2.000000
785 1397 2.000000
786 2216 2.000000
787 1413 2.000000
788 3262 2.000000
804 1776 2.000000
810 1913 2.000000
817 2616 2.000000
821 2591 2.000000
823 1909 2.000000
841 1459 2.000000
842 1963 2.000000
844 1154 2.000000
852 1304 2.000000
855 983 2.000000
858 1803 2.000000
866 3239 2.000000
868 897 2.000000
870 2019 2.000000
883 1496 2.000000
890 2454 2.000000
893 2318 2.000000
896 1081 2.000000
898 1931 2.000000
899 2123 2.000000
909 2268 2.000000
919 1425 2.000000
925 995 2.000000
945 3016 2.000000
947 1716 2.000000
948 1114 2.000000
952 2982 2.000000
961 1405 2.000000
963 3158 2.000000
973 2778 2.000000
977 2699 2.000000
987 2006 2.000000
1005 1816 2.000000
1029 1564 2.000000
1055 2879 2.000000
1056 2593 2.000000
1074 1095 2.000000
1086 1807 2.000000
1100 1526 2.000000
1104 2871 2.000000
1110 1952 2.000000
1113 3211 2.000000
1126 3033 2.000000
1127 3141 2.000000
1133 3259 2.000000
1137 2544 2.000000
1139 2223 2.000000
1149 1404 2.000000
1158 2813 2.000000
1160 1432 2.000000
1164 2344 2.000000
1169 1209 2.000000
1181 3316 2.000000
1228 1317 2.000000
1229 3098 2.000000
1258 1689 2.000000
1274 1739 2.000000
1276 1291 2.000000
1277 2725 2.000000
1283 1370 2.000000
1284 1312 2.000000
1327 2164 2.000000
1332 2777 2.000000
1336 1681 2.000000
1339 2758 2.000000
1344 2118 2.000000
1345 1892 2.000000
1374 2078 2.000000
1389 3043 2.000000
1403 1978 2.000000
1442 2437 2.000000
1458 2972 2.000000
1475 3264 2.000000
1495 1929 2.000000
1497 2336 2.000000
1502 2201 2.000000
1503 1674 2.000000
1507 3001 2.000000
1511 2502 2.000000
1519 3226 2.000000
1535 1763 2.000000
1541 3100 2.000000
1547 2432 2.000000
1550 2036 2.000000
1559 1593 2.000000
1588 2468 2.000000
1601 2700 2.000000
1604 3104 2.000000
1608 2192 2.000000
1611 2071 2.000000
1614 1975 2.000000
1636 1876 2.000000
1643 3325 2.000000
1646 1898 2.000000
1661 2272 2.000000
1673 3112 2.000000
1688 1914 2.000000
1775 1873 2.000000
1798 2526 2.000000
1800 2847 2.000000
1815 2885 2.000000
1820 1954 2.000000
1852 2018 2.000000
1862 2582 2.000000
1888 2093 2.000000
1899 2798 2.000000
1900 3111 2.000000
1934 2265 2.000000
1937 2069 2.000000
1941 2998 2.000000
1951 2988 2.000000
1955 3097 2.000000
1957 2171 2.000000
1969 3307 2.000000
1972 3245 2.000000
1974 3313 2.000000
2004 3143 2.000000
2008 2818 2.000000
2026 3279 2.000000
2042 2303 2.000000
2044 2518 2.000000
2051 2465 2.000000
2056 3243 2.000000
2075 3077 2.000000
2084 2197 2.000000
2101 2229 2.000000
2117 2892 2.000000
2135 3113 2.000000
2146 2500 2.000000
2193 2742 2.000000
2195 2566 2.000000
2456 2457 2.000000
2688 2689 2.000000
2743 2744 2.000000
2801 2802 2.000000
2806 2807 2.000000
2849 2850 2.000000
2851 2852 2.000000
2872 2873 2.000000
2914 2915 2.000000
2916 2917 2.000000
2934 2935 2.000000
2996 2997 2.000000
3126 3127 2.000000
3165 3166 2.000000
3178 3179 2.000000
3319 3320 2.000000
3322 3323 2.000000